0.834 -0.34 0.236 0.03
0.043 -0.395 0.359 0.04
-0.357 -0.391 -0.568 0.48
-0.841 0.014 0.874 0.6
-0.24 -0.212 -0.354 0.77
-0.513 0.984 0.752 0.77
-0.351 -0.531 -0.939 0.42
0.274 -0.019 -0.541 0.16
0.703 0.863 0.664 0.79
-0.265 0.057 0.217 0.29
0.651 -0.287 0.035 0.81
-0.744 -0.053 0.464 0.5
-0.687 0.651 -0.998 0.52
0.452 -0.619 0.421 0.07
-0.791 0.972 -0.384 0.67
-0.194 0.125 -0.502 0.85
0.745 0.171 -0.028 0.03
-0.832 -0.525 -0.458 0.04
0.751 0.424 -0.61 0.58
0.591 -0.012 -0.074 0.38
0.871 0.791 0.675 0.91
-0.247 0.664 0.991 0.34
-0.722 0.14 0.476 0.69
-0.515 -0.643 0.323 0.88
0.005 0.804 -0.262 0.99
-0.869 0.414 0.63 0.27
-0.406 0.172 0.248 0.5
-0.479 -0.5 -0.047 0.26
-0.132 0.293 0.026 0.45
0.757 0.936 -0.762 0.28
-0.734 0.903 0.058 0.87
0.37 0.97 -0.517 0.62
-0.697 0.962 0.869 0.76
-0.431 0.782 -0.263 0.24
-0.401 -0.368 0.949 0.44
0.556 0.706 0.701 0.73
-0.242 0.735 -0.987 0.78
0.726 0.425 0.902 0.45
0.103 -0.824 -0.129 0.76
0.422 -0.379 -0.014 0.88
-0.764 -0.655 0.613 0.31
-0.685 -0.635 0.334 0.41
0.209 -0.034 -0.087 0.39
0.855 -0.799 -0.218 0.49
0.776 -0.315 0.927 0.15
0.576 -0.53 -0.321 0.3
-0.257 -0.874 0.259 0.48
0.747 0.341 0.304 0.17
-0.833 0.646 -0.949 0.26
-0.39 -0.936 0.35 0.93
0.641 -0.669 0.657 0.72
0.221 0.695 -0.479 0.32
0.423 0.206 -0.862 0.22
0.866 -0.97 0.482 0.99
0.667 -0.6 0.146 0.63
-0.904 -0.231 -0.633 0.06
0.989 0.792 -0.895 0.26
0.84 -0.605 0.172 0.38
-0.866 -0.622 -0.729 0.7
-0.892 -0.985 0.209 1
-0.525 0.852 -0.639 0
0.558 0.433 -0.071 0.55
0.124 -0.355 0.299 0.04
-0.624 -0.078 -0.682 0.1
0.366 0.211 0.528 0.24
0.036 0.996 -0.598 0.4
0.204 0.999 -0.56 0.86
0.872 0.86 -0.912 0.41
-0.263 0.664 0.896 0.74
0.258 0.118 0.601 0.33
0.642 1 0.817 0.94
0.138 -0.326 -0.742 0
-0.267 -0.932 -0.093 0.34
-0.867 -0.639 -0.895 0.89
-0.616 0.573 -0.818 0.53
0.01 0.036 0.122 0.66
-0.221 -0.065 -0.381 0.17
0.977 -0.85 0.292 0.1
-0.483 -0.157 -0.614 0.89
-0.669 -0.725 0.504 0.63
0.053 0.525 0.671 0.65
-0.788 0.868 -0.949 0.07
-0.013 0.73 -0.15 0.4
0.425 0.978 0.225 0.7
0.202 -0.059 -0.745 0.71
-0.636 -0.048 -0.747 0.36
0.574 0.045 -0.721 0.7
-0.445 0.334 0.577 0.3
0.061 0.979 -0.667 0.6
-0.497 0.495 -0.776 0.02
0.349 0.086 -0.114 0.09
0.66 0.979 0.532 0.75
0.374 -0.293 0.108 0.71
-0.272 -0.177 -0.297 0.94
0.657 -0.278 -0.897 0.68
0.057 -0.667 0.465 0.36
0.512 -0.176 -0.512 0.31
-0.117 -0.65 -0.68 0.13
-0.926 -0.749 -0.438 0.91
-0.585 0.706 -0.37 0.52