-0.958 -0.516 -0.255 0.3
0.978 0.402 -0.636 0.25
-0.239 0.805 -0.898 0.9
0.37 0.711 -0.425 0.05
0.991 0.702 -0.889 0.37
-0.272 -0.438 0.44 0.76
0.699 -0.31 0.545 0.03
0.758 0.64 -0.523 0.57
-0.033 0.991 -0.449 0.62
-0.455 -0.096 0.484 0.59
-0.325 -0.206 0.907 0.38
0.655 0.481 -0.689 0.08
-0.244 0.513 0.842 0.57
0.805 0.517 0.007 0.03
-0.943 0.749 -0.275 0.27
-0.588 -0.252 -0.47 0.07
0.543 0.968 0.833 0.07
-0.294 -0.201 0.08 0.49
0.339 0.402 -0.535 0.27
-0.803 0.938 -0.495 0.51
-0.125 -0.574 -0.59 0
-0.008 0.805 0.31 0.37
-0.136 0.144 -0.257 0.52
-0.803 0.618 0.005 0.71
-0.866 0.689 0.977 0.09
0.92 -0.92 0.552 0.16
0.045 -0.489 0.797 0.12
-0.145 0.524 -0.345 0.01
-0.246 0.618 0.906 0.67
0.98 0.262 0.635 0.92
-0.922 0.282 -0.307 0.78
0.076 0.907 0.912 0.49
-0.56 0.734 -0.48 0.7
-0.641 0.169 0.072 0.57
-0.081 0.06 0.817 0.84
0.448 -0.384 0.782 0.78
-0.613 -0.683 0.558 0.27
-0.581 0.149 -0.711 0.6
-0.507 0.878 0.565 0.76
-0.533 -0.797 -0.716 0.19
0.246 0.989 0.395 0.69
0.156 -0.833 -0.916 0.88
-0.826 0.537 0.839 0.34
-0.748 -0.988 0.43 0.88
0.101 0.562 0.757 0.62
-0.576 -0.094 0.856 0.96
0.993 0.452 0.749 0.29
-0.24 -0.224 -0.321 0.78
0.425 0.388 -0.061 0.02
0.404 -0.894 -0.19 0.86
0.111 0.492 -0.167 0.95
-0.24 0.951 0.419 0.74
-0.44 0.945 0.781 0.93
-0.933 0.907 -0.311 0.99
0.793 0.578 -0.719 0.91
-0.952 0.32 0.426 0.68
0.931 0.179 0.128 0.48
0.406 -0.804 -0.011 0.19
0.365 -0.228 0.904 0.07
-0.83 -0.411 -0.41 0.39
0.266 0.609 -0.439 0.84
0.885 0.451 -0.08 0.49
0.947 -0.621 -0.151 0.5
0.387 0.467 0.877 0.39
-0.189 -0.843 0.597 0.39
0.928 0.581 -0.114 0.48
-0.845 -0.466 -0.933 0.31
-0.605 0.77 -0.192 0.77
-0.446 -0.746 -0.825 0.51
-0.129 0.27 0.449 0.87
-0.909 0.545 -0.961 0.43
0.293 -0.982 0.161 0.88
-0.308 -0.323 0.871 0.92
-0.806 0.828 -0.709 0.78
0.542 -0.26 0.982 0.02
0.055 -0.482 -0.039 0.73
-0.403 -0.861 -0.645 0.53
0.983 -0.977 0.701 0.42
0.455 0.811 -0.168 0
-0.256 0.714 -0.321 0.87
0.291 -0.105 -0.872 0.77
-0.105 0.187 -0.732 0.64
0.664 0.653 -0.548 0.74
-0.513 0.031 -0.038 0.17
0.155 0.322 -0.527 0.32
-0.362 0.302 -0.874 0.93
0.347 -0.534 0.862 0.06
0.933 0.47 -0.898 0.29
-0.592 0.523 0.192 0.06
-0.825 -0.909 -0.348 0.08
-0.496 -0.659 0.688 0.22
0.232 -0.808 0.747 0.76
-0.18 -0.334 0.555 0.56
0.962 -0.127 0.447 0.09
-0.334 -0.141 -0.844 0.16
-0.997 -0.62 -0.122 0.39
-0.32 -0.923 -0.213 0.92
-0.605 -0.604 0.803 0.48
0.124 -0.57 -0.458 0.95
-0.201 0.563 -0.975 0.32
0.522 0.34 -0.477 0.48
0.298 -0.062 -0.089 0.07
-0.608 0.642 0.647 0.7
-0.679 0.221 -0.771 0.78
0.581 0.132 0.786 0.25
0.627 0.146 -0.15 0.22
0.177 -0.15 -0.483 0.49
0.401 -0.619 0.276 0.51
0.027 0.572 -0.052 0.14
-0.055 -0.372 -0.464 0.96
0.848 -0.979 -0.091 0.59
-0.545 -0.552 -0.101 0.22
-0.08 -0.939 0.209 0.25
-0.105 -0.195 -0.047 0.21
0.65 0.082 0.763 0.28
-0.285 -0.182 -0.742 0.97
-0.561 -0.616 -0.449 0.73
-0.087 0.749 -0.135 0.86
0.683 0.758 -0.582 0.62
-0.311 -0.302 -0.845 0.85
0.843 -0.455 0.974 0.69
-0.804 -0.227 -0.96 0.22
0.613 0.917 0.332 0.31
-0.617 0.973 -1 0.27
0.694 -0.636 -0.05 0.7
-0.325 -0.962 0.465 0.23
-0.109 -0.333 0.551 0.09
0.767 0.534 -0.963 0.68
0.077 -0.429 0.149 0.55
0.731 0.631 0.815 0.53
0.227 -0.304 0.422 0.36
0.5 -0.374 0.804 0.61
-0.684 0.899 -0.592 0.17
-0.835 -0.333 0.425 0.17
-0.95 0.619 -0.926 0.16
0.643 -0.302 0.861 0.78
-0.058 -0.573 -0.549 0.11
0.664 0.884 0.755 0.31
0.986 -0.933 0.628 0.93
-0.872 -0.512 0.498 0.81
-0.334 -0.82 -0.154 0.43
0.026 -0.518 0.108 0.51
-0.681 -0.714 -0.836 0.69
0.981 0.868 -0.538 0.57
0.84 0.211 0.491 0.78
0.37 0.22 -0.893 0.65
-0.03 0.232 -0.054 0.65
0.787 0.945 -0.572 0.43
0.938 -0.294 0.823 1
-0.138 0.76 -0.597 0.71
0.95 0.655 0.638 0.19
0.911 -0.354 0.206 0.07
-0.489 -0.429 -0.967 0.19
0.181 -0.742 0.149 0.25
-0.906 -0.801 0.02 0.39
-0.79 -0.935 -0.03 0.82
-0.085 0.778 0.05 0.64
-0.51 -0.291 0.467 0
-0.975 0.753 0.213 0.77
-0.235 0.065 -0.026 0.09
-0.724 0.21 0.992 0.7
-0.602 -0.708 0.173 0.71
0.615 0.28 -0.11 0.17
-0.911 -0.4 -0.982 0.93
-0.536 -0.748 0.141 0.86
0.187 -0.784 0.735 0.23
-0.035 -0.329 -0.745 0.03
0.346 0.338 0.674 0.03
-0.701 -0.111 -0.079 0.79
0.026 0.304 0.002 0.41
-0.633 0.59 -0.751 0.39
0.328 -0.023 0.996 0.49
0.039 -0.709 0.103 0.67
0.44 -0.904 -0.836 0.16
-0.724 -0.445 -0.22 0.92
-0.838 -0.892 0.741 0.64
0.077 -0.83 -0.218 0.74
0.283 -0.556 0.23 0.92
-0.724 -0.2 0.434 0.44
0.041 -0.2 -0.659 0.85
0.929 -0.39 -0.908 0.95
-0.051 -0.402 -0.264 0.44
0.552 0.354 -0.801 0.41
-0.067 0.448 -0.626 0.71
-0.309 -0.578 -0.32 0.99
-0.653 0.555 0.973 0.69
-0.398 0.137 -0.067 0.54
-0.696 -0.89 0.025 0.11
-0.991 0.23 -0.333 0.81
0.872 -0.854 0.701 0.78
-0.533 -0.185 0.327 0.95
0.84 0.109 -0.942 0.38
0.308 0.82 0.122 0.2
0.361 -0.604 -0.63 0.97
-0.059 -0.119 0.883 0.59
0.906 -0.627 0.537 0.57
-0.757 -0.274 -0.472 0.93
0.579 -0.904 -0.411 0.22
0.791 0.004 -0.129 0.79
0.024 -0.476 -0.209 0.84
0.435 -0.912 0.258 0.22
-0.327 0.167 -0.912 0.18
0.726 -0.132 -0.436 0.65
0.841 -0.267 -0.611 0.3
0.176 0.73 0.03 0.26
-0.347 0.486 0.7 0.87
0.619 0.527 0.691 0.9
0.84 0.305 -0.649 0.73
0.661 0.761 -0.609 0.53
0.097 -0.008 -0.686 0.08
-0.777 0.737 -0.088 0.43
0.317 -0.229 0.87 0.4
-0.809 0.924 -0.327 0.56
-0.114 -0.224 0.859 0.71
0.639 -0.197 -0.459 0.9
-0.401 0.992 -0.967 0.05
0.411 -0.325 -0.029 0.02
-0.344 0.925 0.258 0.92
0.037 -0.821 -0.242 0.05
-0.244 -0.26 0.29 0.9
-0.242 0.797 -0.893 0.02
-0.468 -0.137 0.411 0.21
-0.627 -0.445 0.579 0.12
0.079 0.304 -0.588 0.28
-0.552 0.223 0.099 0.03
-0.416 -0.049 0.655 0.39
-0.392 -0.049 0.829 0.66
0.789 -0.424 0.481 0.27
0.432 -0.605 0.129 0.81
0.054 0.573 0.982 0.21
0.93 0.06 -0.643 0.19
-0.236 0.896 0.584 0.5
0.872 0.101 0.269 0.27
-0.426 0.986 0.011 0.56
-0.288 0.851 0.506 0.17
0.754 -0.354 -0.447 0.96
-0.896 0.318 0.186 0.18
0.129 0.659 -0.54 0.7
0.75 0.149 0.078 0.24
-0.649 -0.655 0.418 0.57
-0.637 0.809 -0.874 0.58
-0.218 0.87 -0.891 0.1
-0.289 0.988 0.564 0.66
-0.295 -0.256 0.385 0.94
-0.749 0.466 -0.879 0.55
0.892 -0.947 0.269 0.44
-0.634 -0.795 0.343 0.84
0.749 0.663 0.304 0.26
-0.053 -0.097 -0.033 0.04
-0.925 0.882 -0.497 0.01
-0.949 0.277 0.175 0.45
-0.595 0.594 0.383 0.89
0.436 0.05 0.432 0.72
0.689 -0.38 -0.905 0.69
-0.606 -0.578 0.401 0.06
0.324 0.788 0.16 0.07
0.224 0.245 0.232 0.47
0.783 0.22 -0.73 0.35
-0.482 -0.315 0.168 0.57
-0.421 0.601 -0.027 0.77
0.556 -0.167 -0.747 0.9
-0.17 -0.596 0.909 0.15
-0.468 0.044 -0.853 0.86
-0.344 0.59 0.174 0.18
0.889 -0.75 0.513 0.78
0.692 0.021 -0.486 0.07
0.982 -0.515 0.259 0.16
-0.34 -0.15 -0.894 0.76
-0.9 -0.871 -0.871 0.71
0.333 0.127 0.192 0.61
-0.428 0.369 0.879 0.16
0.288 -0.883 0.311 0.33
0.719 0.888 -0.453 0.71
-0.951 0.094 -0.391 0.48
0.144 0.757 -0.18 0.76
-0.203 -0.145 -0.493 0.64
-0.615 0.066 -0.002 0.01
-0.571 -0.058 -0.038 0.6
0.636 -0.243 -0.71 0.86
-0.53 -0.902 0.807 0.77
0.577 0.431 -0.526 0.57
0.07 0.185 -0.048 0.06
0.05 0.128 -0.379 0.91
-0.908 -0.193 -0.575 0.97
0.569 -0.935 0.695 0.71
-0.443 -0.321 0.751 0.71
0.681 -0.138 0.726 0.37
-0.337 -0.305 0.168 0.51
0.413 -0.789 -0.422 0.48
-0.828 0.715 0.717 0.5
0.325 0.537 -0.422 0.38
-0.634 0.584 -0.119 0.35
0.645 0.113 0.709 0.02
0.37 0.854 0.867 0.56
0.004 -0.85 0.174 0.86
-0.708 -0.01 0.181 0.74
-0.488 -0.388 -0.452 0.28
0.24 0.283 -0.405 0.66
0.433 -0.025 -0.996 0.81
0.899 0.483 0.42 0
-0.309 0.242 0.669 0.81
-0.021 0.906 -0.357 0.11
-0.262 -0.609 0.026 0.71
-0.26 -0.995 -0.598 0.44
-0.501 0.071 -0.79 0.34
-0.386 0.175 -0.44 0.75
-0.826 0.49 0.118 0.36
-0.823 0.992 0.109 0.79
0.622 -0.705 0.108 0.68
-0.789 0.954 0.685 0.27
0.348 0.158 -0.682 0.01
0.604 -0.812 0.911 0.17
-0.672 0.332 0.302 0.44
0.352 0.85 0.351 0.89
0.182 0.68 -0.472 0.47
0.155 0.269 0.542 0.73
-0.063 0.167 -0.04 0.41
-0.902 0.553 -0.631 0.94
0.637 -0.922 0.489 0.11
0.938 -0.839 -0.69 0.3
0.293 -0.555 0.199 0.92
0.467 -0.805 0.235 0.79
0.679 0.453 -0.005 0.85
0.991 0.908 0.831 0.76
0.974 0.56 0.302 0.05
-0.613 0.683 0.852 0.95
0.996 -0.416 0.622 0.36
-0.741 -0.513 -0.273 0.35
-0.227 0.758 -0.818 0.48
0.685 0.538 -0.249 0.41
0.721 -0.483 0.431 0.16
0.059 0.43 0.617 0.31
0.655 -0.023 -0.64 0.32
-0.967 0.002 -0.944 0.73
-0.852 0.412 0.2 0.06
0.547 0.649 0.813 0.06
0.734 0.684 -0.573 0.3
-0.557 0.123 -0.291 0.41
-0.048 0.388 0.139 0.64
0.192 -0.712 -0.189 0.13
-0.763 -0.772 0.763 0.49
-0.544 -0.649 0.432 0.39
-0.845 -0.893 -0.894 0.06
0.24 0.315 -0.26 0.78
-0.273 -0.069 -0.242 0.5
0.388 -0.117 0.198 0.69
0.1 -0.615 0.079 0.92
0.185 0.113 0.598 0.03
0.066 0.43 0.034 0.81
0.531 0.002 0.451 0.17
-0.085 0.266 -0.879 0.92
0.236 0.828 -0.043 0.77
-0.611 0.518 -0.099 0.16
-0.118 -0.323 -0.676 0.17
0.482 -0.619 0.354 0.46
0.542 -0.788 -0.311 0.29
0.573 -0.503 0.095 0.95
0.851 -0.599 -0.389 0.82
0.41 -0.212 -0.577 0.01
-0.101 0.466 -0.816 0.75
-0.806 0.516 -0.523 0.35
0.491 -0.957 -0.776 0.83
0.496 0.81 -0.784 0.42
0.481 0.581 0.066 0.08
-0.482 -0.092 -0.733 0.08
-0.789 -0.07 -0.071 0.4
-0.794 0.882 -0.163 0.85
0.799 0.184 0.914 0.94
0.202 -0.199 -0.746 0.58
-0.503 -0.049 0.803 0.99
0.632 -0.352 -0.432 0.66
0.176 -0.365 0.983 0.96
0.261 0.191 -0.23 0.3
0.628 0.897 0.702 0.48
0.463 -0.695 -0.908 0.5
-0.782 0.615 -0.336 0.88
-0.447 -0.447 0.404 0.14
-0.607 0.551 0.737 0.86
-0.791 -0.56 0.96 0.29
0.52 -0.524 -0.531 0.18
-0.016 0.675 0.723 0.59
-0.931 -0.712 -0.01 0.08
0.417 0.877 -0.441 0.54
-0.85 0.077 -0.271 0.62
-0.517 0.258 -0.757 0.64
-0.869 -0.832 0.733 0.28
0.388 -0.475 -0.413 0.98
0.859 -0.366 -0.421 0.67
0.214 0.001 -0.858 0.09
-0.279 0.275 -0.862 0.71
0.898 -0.033 0.012 0.99
0.55 -0.939 0.17 0.34
0.807 -0.294 -0.512 0.75
0.124 -0.187 -0.485 0.88
0.413 0.553 -0.202 0.2
-0.998 0.319 0.388 0.94
0.061 -0.137 0.694 0.52
0.976 -0.048 0.258 0.79
-0.185 0.749 0.371 0.13
-0.666 -0.255 -0.676 0.35
0.677 0.244 0.752 0.44
-0.254 -0.579 0.835 0.41
0.365 -0.277 0.589 0.18
0.724 0.167 -0.004 0.57
-0.783 0.506 0.439 0.52
-0.811 0.851 0.737 0.63
0.171 -0.549 -0.044 0.07
-0.373 0.48 -0.945 0.65
0.332 -0.48 0.796 0.8
-0.167 -0.637 0.714 0.91
-0.591 0.295 -0.399 0.21
-0.498 -0.002 0.775 0.33
-0.032 -0.52 0.09 0.31
-0.324 0.173 0.734 0.17
0.796 -0.39 0.735 0.46
-0.982 0.548 -0.252 0.16
0.098 0.988 0.784 0.18
0.68 0.933 -0.299 0.51
-0.201 0.081 -0.873 0.44
0.783 0.31 0.872 0.63
0.43 0.396 0.757 0.8
-0.785 -0.938 0.182 0.12
-0.887 -0.685 0.824 0.79
0.804 0.914 0.559 0.19
0.885 0.908 -0.226 0.05
0.047 0.608 0.617 0.62
-0.877 0.695 -0.391 0.57
0.466 -0.718 -0.544 0.3
-0.945 -0.588 -0.299 0.59
-0.456 0.58 -0.46 0.25
0.378 -0.04 0.735 0.67
0.245 0.221 -0.832 0.03
-0.812 0.591 0.976 0.28
-0.851 -0.205 -0.198 0.79
-0.197 0.559 -0.617 0.69
-0.829 -0.981 -0.028 0.12
-0.114 0.497 -0.174 0.55
-0.392 0.975 0.037 0.77
0.181 -0.507 -0.617 0.85
0.309 0.541 -0.966 0.5
-0.909 0.157 0.743 0.29
-0.581 0.081 0.877 0.92
-0.647 0.651 0.188 0.89
-0.28 -0.938 -0.365 0.23
0.296 0.419 -0.81 0.23
0.319 -0.08 0.678 0.82
0.454 0.416 0.832 0.44
0.681 -0.374 0.385 0.14
0.263 0.281 -0.918 0.64
0.495 0.73 -0.27 0.37
-0.134 -0.252 -0.09 0.5
-0.349 0.877 0.688 0.47
0.747 -0.997 -0.505 0.45
-0.201 0.275 0.238 0.01
0.957 -0.714 0.54 0.15
-0.002 0.158 -0.03 0.72
-0.293 0.189 -0.355 0.69
0.726 -0.061 0.526 0.02
-0.224 0.687 0.832 0.28
-0.288 0.858 0.891 0.33
0.284 -0.367 0.097 0.57
-0.123 -0.427 -0.981 0.89
0.043 -0.031 -0.137 0.95
0.369 -0.253 -0.434 0.3
0.765 0.414 -0.763 0.09
-0.323 0.083 -0.798 0.62
0.351 -0.392 0.887 0.38
0.359 0.584 -0.718 0.37
-0.206 -0.762 -0.008 0.24
0.348 -0.22 -0.155 0.42
-0.103 -0.621 0.309 0
0.103 0.439 -0.778 0.04
0.109 -0.709 -0.447 0.03
-0.63 -0.034 -0.03 0.84
-0.306 0.455 -0.845 0.36
0.765 0.309 0.424 0.74
-0.006 -0.186 -0.667 0.34
0.711 -0.961 0.567 0.11
0.542 -0.761 0.785 0.54
0.226 0.199 0.01 0.27
0.256 -0.037 -0.054 0.98
-0.462 0.575 -0.436 0.95
-0.006 -0.774 0.116 0.33
-0.944 -0.032 -0.103 0.93
-0.561 0.149 -0.083 0.46
-0.065 0.426 -0.2 0.9
-0.167 -0.174 0.093 0.73
-0.274 0.931 -0.474 0.64
0.302 0.129 -0.34 0.06
-0.623 0.32 -0.509 0.59
0.529 0.477 -0.85 0.82
0.077 0.682 -0.187 0.77
0.022 0.096 0.441 0.87
-0.057 0.196 0.193 0.64
0.217 0.723 0.435 0.27
-0.203 -0.789 -0.614 0.44
0.931 -0.715 -0.658 0.13
-0.96 0.298 -0.97 0.28
-0.091 0.066 -0.719 0.87
-0.872 0.74 0.299 0.16
-0.783 -0.944 0.746 0.99
-0.128 -0.221 0.411 0.11
-0.028 0.561 0.164 0.61
-0.902 -0.444 -0.011 0.58
0.413 -0.258 -0.964 0.87
-0.602 -0.468 0.742 0.18
0.333 0.406 -0.816 0.82
0.725 0.37 -0.49 0.58
-0.66 -0.01 0.328 0.46
0.068 -0.707 -0.852 0.12
-0.288 0.285 0.026 0.39
-0.754 0.401 -0.255 0.87
-0.897 -0.392 0.685 0.47
-0.974 -0.524 0.448 0.19
0.834 0.464 -0.567 0.56
-0.913 -0.024 -0.876 0.73
-0.462 0.908 -0.171 0.22
0.089 0.777 -0.884 0.85
0.394 0.388 0.42 0.55
-0.677 -0.633 0.847 0.14
0.945 -0.453 -0.374 0.44
-0.287 -0.989 0.004 0.84
-0.72 0.765 -0.753 0.94
-0.847 0.141 -0.157 0.34
0.546 0.63 -0.711 0.89
-0.544 0.208 0.306 0.02
0.8 0.921 0.89 0.6
-0.632 -0.498 -0.745 0.05
-0.535 -0.968 -0.647 0.39
0.458 0.202 0.785 0.44
-0.87 0.633 0.751 0.34
0.32 -0.12 -0.61 0.22
-0.064 -0.975 -0.605 0.63
0.648 0.235 0.978 0.78
-0.445 -0.263 -0.117 0.85
-0.617 -0.466 0.456 0.84
-0.472 -0.663 -0.25 0.75
0.72 -0.71 0.435 0.47
0.674 0.454 -0.791 0.33
-0.311 -0.364 -0.736 0.48
0.612 0.022 -0.517 0.45
0.104 -0.809 0.418 0.69
-0.631 -0.003 0.24 0.16
-0.169 -0.127 -0.789 0.64
0.332 -0.461 -0.895 0.66
0.673 -0.054 -0.12 0.17
0.287 0.912 0.54 0.81
-0.167 0.283 -0.763 0.17
0.07 -0.397 0.542 0.6
-0.523 -0.911 0.184 0.82
-0.211 0.166 -0.299 0.83
0.383 -0.893 -0.947 0.52
-0.086 -0.976 0.102 0.8
0.199 -0.225 -0.436 0.29
0.686 -0.501 -0.442 0.26
-0.969 0.873 0.104 0.49
0.886 0.053 -0.798 0.47
0.88 0.872 -0.393 0.12
-0.806 0.51 -0.591 0.23
-0.075 0.002 -0.713 0.57
-0.856 -0.021 -0.426 0.69
0.889 0.305 0.957 0.6
0.667 0.761 0.98 0.88
-0.731 0.14 -0.319 0.3
0.724 -0.035 0.998 0.58
-0.862 0.908 -0.957 0.06
0.803 0.857 -0.351 0.34
-0.2 0.507 0.996 0.68
0.484 -0.35 -0.997 0.54
0.551 -1 0.548 0.21
0.618 0.048 0.165 0.64
-0.75 0.244 0.811 0.19
0.837 0.234 -0.643 0.26
-0.717 -0.002 -0.879 1
-0.585 0.58 0.859 0.49
-0.683 -0.001 -0.47 0.9
0.97 -0.418 0.518 0.25
0.445 -0.001 0.606 0.28
-0.993 0.517 -0.126 0.7
0.886 -0.223 -0.642 0.56
-0.191 -0.191 -0.138 0.55
-0.939 -0.125 0.996 0.31
-0.576 -0.138 0.874 0.73
0.242 -0.465 0.518 0.05
0.237 0.629 0.398 0.99
-0.701 -0.878 0.917 0.45
0.644 -0.622 -0.484 0.86
-0.202 -0.986 0.965 0.23
0.566 0.947 0.739 0.02
-0.569 -0.051 -0.661 0.89
0.553 -0.305 -0.575 0.67
-0.446 0.351 0.109 0.59
0.499 0.449 0.068 0.89
0.303 -0.128 -0.205 0.14
0.421 0.396 -0.599 0.64
-0.429 0.904 0.789 0.11
-0.64 -0.296 0.112 0.24
-0.192 0.309 -0.148 0.37
0.863 -0.133 0.397 0.72
-0.812 -0.638 0.729 0.27
-0.444 -0.246 0.606 0.07
-0.148 -0.075 -0.173 0.93
0.066 -0.862 -0.518 0.82
-0.503 -0.423 -0.233 0
0.292 0.95 -0.241 0.75
0.071 -0.526 0.007 0.45
-0.748 -0.773 -0.432 1
0.049 -0.335 -0.928 0.38
0.046 0.56 -0.518 0.79
-0.696 0.644 -0.131 0.16
-0.354 -0.019 0.117 0.86
-0.418 -0.653 -0.142 0.05
0.537 -0.65 0.349 0.34
0.81 0.396 0.3 0.43
-0.05 0.926 0.118 0.77
0.494 -0.462 -0.39 0.06
0.192 0.939 -0.431 0.83
0.232 -0.434 0.058 0.28
-0.191 -0.146 0.055 0.34
0.295 0.701 0.797 0
0.614 0.129 0.457 0.52
-0.426 -0.049 -0.501 0.83
-0.971 0.921 0.623 0.08
0.347 -0.067 -0.661 0.54
-0.947 0.766 -0.609 0.95
-0.837 -0.09 -0.703 0.14
-0.956 -0.512 0.95 0.71
0.561 0.562 -0.916 0.54
0.123 0.566 0.799 0.03
-0.877 0.951 0.15 0.19
-0.859 0.22 0.309 0.6
0.389 -0.514 0.525 0.93
-0.226 -0.778 -0.887 0.32
-0.91 -0.174 -0.484 0.56
-0.826 0.424 -0.401 0.48
0.518 -0.725 -0.745 0.65
0.503 -0.756 -0.754 0.76
-0.317 0.882 -0.181 0.12
-0.721 -0.608 -0.199 0.75
-0.637 -0.239 0.208 0.24
-0.916 -0.455 -0.947 0.54
0.468 0.392 -0.079 0.21
0.105 0.003 0.953 0.91
-0.484 0.376 -0.141 0.96
-0.721 -0.2 -0.688 0.4
0.436 -0.338 0.842 0.55
-0.731 -0.694 -0.381 0.68
-0.775 0.003 -0.547 0.14
0.054 0.775 -0.322 0.87
0.708 -0.384 -0.266 0.85
-0.415 0.123 -0.644 0.47
-0.637 0.821 -0.029 0.99
-0.692 0.678 0.165 0.67
0.271 0.141 0.336 0.9
-0.226 -0.363 -0.814 0.12
-0.859 -0.364 0.599 0.02
0.333 -0.747 -0.648 0.13
-0.815 0.436 -0.543 0.13
-0.058 -0.513 -0.193 0.82
-0.168 -0.254 0.444 0.16
-0.712 -0.376 0.115 0.21
0.3 -0.655 -0.565 0.62
-0.461 0.615 0.32 0.17
0.738 -0.236 0.256 0.35
0.663 -0.117 -0.913 0.56
0.233 0.718 -0.887 0.18
-0.908 -0.149 -0.805 0.81
-0.846 -0.526 -0.352 0.42
-0.75 0.691 0.378 0.68
0.585 -0.019 -0.198 0.96
0.404 -0.978 0.49 0.48
0.101 0.422 -0.691 0.93
-0.134 -0.384 -0.707 0.48
-0.849 -0.742 -0.749 0.49
-0.211 -0.221 0.565 0.02
0.023 0.503 0.981 0.56
0.812 0.234 0.56 0.56
0.403 -0.313 -0.631 0.75
0.785 0.951 0.31 0.54
-0.722 -0.933 -0.334 0.71
0.854 -0.036 0.532 0.83
-0.056 0.537 -0.061 0.68
-0.88 -0.364 0.357 0.74
-0.91 -0.492 -0.39 0.45
-0.324 -0.334 -0.829 0
0.242 -0.97 -0.908 0.74
0.19 0.544 0.547 0.4
0.781 -0.901 -0.241 0.91
0.871 0.989 0.511 0.44
0.833 -0.793 -0.979 0.62
0.263 0.342 0.909 0.47
0.225 0.098 0.484 0.87
-0.115 -0.298 -0.631 0.76
-0.951 0.755 -0.297 0.61
-0.54 0.248 0.613 0.5
-0.923 -0.163 0.295 0.29
0.002 -0.694 -0.916 0.76
0.993 0.856 -0.635 0.77
0.473 0.874 -0.794 0.88
0.247 -0.939 -0.685 0.48
0.81 0.364 -0.289 0.5
0.488 0.037 -0.546 0.48
-0.225 0.819 0.57 0.26
0.351 -0.218 0.747 0.58
-0.836 -0.906 0.009 0.89
0.317 0.252 0.111 0.52
-0.651 -0.488 -0.111 0.29
0.696 -0.888 -0.407 0.6
0.915 0.976 0.65 0.34
-0.824 0.233 -0.124 0.54
0.399 -0.689 -0.874 0.96
-0.01 -0.382 -0.629 0.38
0.114 0.078 -0.062 0.66
-0.345 -0.664 0.173 0.14
0.573 0.342 -0.763 0.91
0.318 0.902 0.085 0.14
-0.004 0.668 0.036 0.81
0.447 0.38 0.515 0.75
0.18 -0.41 -0.859 0.1
0.103 0.957 -0.808 0.35
-0.561 -0.459 -0.577 0.69
-0.68 -0.013 0.737 0.54
-0.59 0.753 -0.315 0.43
0.324 -0.248 -0.423 0.36
-0.563 0.626 -0.878 0.07
0.591 0.94 0.949 0.66
0.054 -0.678 -0.63 0.2
0.248 -0.913 0.259 0.04
-0.683 0.569 0.914 0.75
-0.166 -0.992 -0.485 0.82
-0.032 -0.562 0.565 0.87
-0.868 -0.579 0.627 0.27
-0.542 0.588 -0.193 0.92
0.611 0.808 -0.477 0.19
0.047 -0.522 -0.528 0.72
0.954 0.732 -0.358 0.95
0.761 -0.446 -0.242 0.73
-0.82 -0.116 -0.256 0.25
-0.064 0.399 0.355 0.89
-0.377 -0.155 -0.429 0.24
-0.137 0.35 0.141 0.48
-0.027 -0.19 -0.891 0.88
0.011 0.335 -0.502 0.13
-0.295 -0.209 0.94 0.01
0.866 0.194 -0.043 0.78
-0.945 0.03 -0.323 0.47
0.338 0.94 0.183 0.01
-0.865 0.639 -0.986 0.36
0.544 0.007 0.566 0.04
-0.648 0.701 -0.649 0.99
0.396 -0.525 -0.351 0.28
0.447 0.845 0.518 0.22
-0.933 0.74 0.65 0.3
0.364 0.788 -0.651 1
-0.713 0.666 0.575 0.74
0.475 -0.404 0.093 0.97
0.976 0.719 -0.821 0.44
0.635 0.412 0.67 0.29
-0.524 -0.966 0.279 0.03
-0.911 -0.347 -0.728 0.91
-0.363 -0.005 0.636 0.39
-0.779 0.184 -0.187 0.41
0.983 0.244 0.206 0.83
-0.597 0.193 -0.045 0.39
-0.527 0.438 -0.025 0.48
-0.583 -0.443 0.002 0.19
-0.13 0.951 0.885 0.04
0.75 0.157 0.367 0.33
0.93 0.822 -0.147 0.28
0.959 -0.582 -0.353 0.77
0.955 -0.11 0.898 0.43
0.895 0.835 -0.219 0.92
-0.064 0.679 -0.408 0.5
-0.743 -0.319 -0.935 0.83
-0.221 0.723 0.362 0.68
-0.993 -0.278 0.742 0.9
0.135 0.635 -0.355 0.02
0.611 -0.373 -0.048 0.46
-0.675 -0.622 -0.625 0.7
0.382 0.855 0.274 0.85
-0.405 -0.491 0.071 1
0.925 -0.745 0.348 0.41
-0.511 0.899 -0.242 0.58
0.654 -0.348 0.859 0.68
0.783 0.156 0.75 0.67
-0.071 -0.629 0.854 0.93
-0.703 -0.466 0.257 0.02
0.765 -0.234 -0.846 0.83
0.776 -0.448 0.852 0.83
-0.352 -0.317 0.11 0.03
0.125 0.084 0.018 0.49
0.939 -0.829 0.456 0.04
-0.762 -0.093 -0.695 0.65
0.373 0.894 0.752 0.5
0.666 -0.76 -0.439 0.53
-0.852 -0.488 0.422 0.13
-0.117 -0.515 -0.731 0.01
0.621 0.047 -0.362 0.86
-0.854 0.688 0.236 0.85
-0.172 -0.559 -0.71 0.01
-0.803 0.468 -0.652 0.08
0.613 -0.634 -0.936 0.02
-0.945 0.686 0.453 0.55
-0.65 0.218 0.099 0.22
-0.592 -0.962 0.811 0.1
-0.009 0.857 0.489 0.36
0.099 -0.828 0.65 0.8
-0.51 0.299 -0.852 0.65
-0.551 0.476 0.313 0.25
0.034 0.141 0.991 0.21
-0.069 -0.893 -0.749 0.14
0.899 0.936 -0.52 0.31
0.933 0.749 0.359 0.63
0.127 -0.194 0.747 0.54
-0.637 0.56 -0.35 0.74
-0.438 0.012 -0.665 0.6
0.864 0.114 0.28 0.08
0.228 0.248 -0.002 0.85
-0.659 -0.696 0.417 0.49
-0.716 0.397 0.382 0.83
-0.134 0.956 -0.805 0.65
0.847 -0.735 0.768 0.38
0.156 -0.83 -0.975 0.76
-0.611 -0.221 -0.57 0.77
0.398 0.63 0.235 0.36
0.249 0.4 0.579 0.6
-0.329 -0.122 0.814 0.01
-0.792 -0.485 0.397 0.23
0.965 0.808 -0.998 0.37
-0.563 0.787 0.427 0.25
0.032 -0.116 0.462 0.19
0.278 0.226 0.786 0.18
-0.656 -0.43 -0.446 0.42
0.111 -0.512 0.247 0.52
0.141 -0.018 -0.047 0.87
-0.921 0.884 -0.609 0.02
-0.691 -0.247 -0.142 0.85
0.895 -0.65 0.88 0.99
-0.873 -0.366 -0.206 0.97
-0.758 0.409 -0.718 0.12
0.587 0.538 -0.233 0.41
0.543 -0.668 -0.459 0.22
-0.439 0.076 -0.259 0.98
0.024 -0.73 -0.995 0.06
-0.672 0.047 -0.011 0.35
0.174 0.864 0.8 0.45
-0.579 0.406 -0.492 0.25
0.015 -0.934 0.817 0.58
0.835 0.441 -0.2 0.06
-0.022 -0.069 -0.472 0.83
-0.68 0.677 -0.761 0.74
0.122 0.378 0.896 0.11
0.524 -0.749 0.271 0.16
-0.058 -0.33 0.638 0.86
-0.53 0.994 -0.019 0.02
-0.719 -0.387 0.565 0.35
0.144 -0.761 -0.771 0.94
0.818 -0.784 0.539 0.66
-0.599 -0.648 0.401 0.93
0.92 -0.911 0.253 0.54
0.995 0.728 -0.268 0.97
-0.42 0.289 -0.886 0.92
0.925 -0.008 0.497 0.27
-0.309 0.646 -0.778 0.11
-0.352 0.451 -0.971 0.68
-0.834 -0.953 0.436 0.78
-0.384 -0.771 0.08 0.57
0.923 0.966 0.284 0.05
0.669 -0.854 -0.211 0.56
0.928 0.17 -0.521 0.78
0.767 0.806 -0.518 0.39
-0.144 0.188 0.763 0.61
0.323 -0.601 -0.682 0.79
0.6 0.962 0.35 0.59
0.868 0.984 -0.719 0.25
0.597 0.494 -0.78 0.85
-0.19 0.482 -0.482 0.44
0.78 -0.309 -0.251 0.09
-0.437 -0.862 0.266 0.87
-0.653 0.697 -0.823 0.04
0.476 -0.043 -0.131 0.34
0.143 -0.318 0.688 0.27
-0.61 -0.4 0.155 0.85
0.869 0.596 -0.18 0
-0.975 0.011 0.639 0.35
0.153 0.161 0.467 0.42
-0.528 -0.499 0.571 0.35
-0.801 0.808 0.984 0.98
0.754 0.058 -0.399 0.2
-0.208 -0.898 0.13 0.32
-0.242 -0.132 -0.998 0.44
0.628 -0.878 0.36 0.24
0.25 -0.431 -0.736 0.18
-0.983 -0.182 0.449 0.78
-0.019 -0.289 0.525 0.28
-0.595 0.836 -0.277 0.55
0.384 -0.565 -0.419 0.27
0.996 -0.196 0.379 0.88
-0.62 0.378 -0.731 0.72
0.472 0.601 -0.356 0.04
0.258 -0.457 -0.084 0.07
0.556 -0.668 -0.964 0.12
-0.333 -0.612 -0.105 0.24
-0.082 -0.228 0.712 0.29
0.436 -0.12 0.774 0.93
-0.081 -0.956 -0.59 0.11
-0.25 0.53 0.054 0.16
0.211 0.243 -0.753 0.37
0.16 0.375 0.258 0.29
-0.087 0.049 -0.41 0.99
0.444 -0.544 0.108 0.09
-0.847 -0.706 0.035 0.6
0.063 -0.262 0.295 0.44
0.689 0.511 -0.274 0.82
-0.052 -0.476 -0.399 0.55
-0.385 -0.814 0.773 0.78
0.4 0.312 -0.648 0.49
-0.057 -0.254 0.25 0.57
-0.689 0.145 -0.271 0.36
-0.511 -0.997 0.304 0.5
0.504 0.659 -0.845 0.02
-0.364 -0.679 -0.653 0.98
-0.606 -0.131 -0.447 0.61
-0.331 0.999 -0.913 0.63
-0.24 0.408 0.912 0.89
-0.538 -0.868 -0.826 0.37
-0.9 0.991 0.727 0.26
-0.989 -0.315 -0.094 0.36
-0.171 0.847 0.519 0.04
0.56 -0.979 0.072 0.21
-0.665 0.126 0.954 0.93
0.313 -0.572 0.595 0.73
-0.141 0.017 0.797 0.25
-0.253 0.596 0.296 0.67
-0.268 -0.672 -0.783 0.16
-0.23 0.801 0.749 0.46
-0.796 -0.191 -0.557 0.52
0.47 -0.661 -0.529 0.02
0.864 0.663 -0.508 0.9
0.202 0.656 -0.543 0.51
-0.85 0.052 0.015 0.9
-0.715 0.449 0.572 0.07
0.715 -0.693 -0.784 0.68
0.272 0.994 0.513 0.67
-0.877 0.86 0.386 0.63
0.579 -0.319 -0.113 0.85
-0.849 0.399 0.258 0.35
-0.8 0.286 0.125 0.62
0.172 -0.772 -0.276 0.11
-0.976 0.442 -0.515 0.4
-0.36 0.121 0.136 0.24
0.239 0.335 0.402 0.66
-0.329 0.869 -0.796 0.93
-0.432 -0.368 0.938 0.7
0.211 -0.443 0.988 0.07
0.133 0.358 -0.44 0.87
0.552 0.816 -0.769 0.46
0.628 -0.503 0.536 0.77
0.185 -0.224 0.038 0.85
-0.151 -0.671 -0.353 0.13
-0.988 -0.241 0.403 0.97
0.58 0.46 -0.237 0.85
0.887 -0.075 0.068 0.97
0.039 -0.415 0.755 0.4
0.499 0.893 -0.514 0.62
-0.537 -0.278 -0.746 0.8
0.364 0.079 0.382 0.19
0.751 0.658 0.748 0.84
-0.345 0.006 -0.866 0.55
-0.789 0.359 0.526 0.69
-0.39 0.082 -0.72 0.52
-0.589 0.618 0.974 0.87
0.561 -0.165 0.597 0.08
0.612 0.154 -0.061 0
-0.972 -0.61 -0.723 0.24
-0.71 -0.821 0.23 0.86
-0.564 -0.355 -0.05 0.9
-0.973 -0.297 -0.084 0.43
0.901 0.17 -0.189 0.01
0.964 -0.468 -1 0.38
0.121 -0.419 0.311 0.51
0.616 -0.746 -0.584 0.41
-0.137 0.881 -0.523 0.62
0.786 0.94 0.895 0.62
-0.716 -0.988 -0.447 0.62
-0.7 0.549 0.896 0.44
-0.388 0.883 -0.511 0.58
-0.389 0.583 0.147 0.37
-0.601 0.62 -0.722 0.77
0.482 0.671 0.783 0.47
0.639 -0.48 0.642 0.66
-0.491 0.655 -0.187 0.31
0.212 -0.253 -0.961 0.75
-0.737 -0.618 -0.055 0.3
0.685 0.972 0.794 0.32
-0.263 -0.795 -0.002 0.36
0.952 -0.258 0.799 0.45
0.169 0.726 -0.592 0.58
-0.535 -0.414 -0.427 0.98
-0.3 -0.521 0.328 0.74
0.564 -0.951 0.406 0.43
-0.639 -0.137 0.074 0.64
-0.107 -0.512 -0.397 0.64
0.681 0.267 0.662 0.88
-0.082 0.802 0.066 0.7
-0.142 0.924 -0.811 0.16
-0.715 -0.842 -0.279 0.84
0.551 -0.509 -0.939 0.46
-0.722 0.419 0.299 0.06
0.502 -0.91 -0.687 0.1
-0.152 0.29 0.444 0.14
0.496 -0.44 -0.984 0.22
-0.226 -0.052 -0.327 0.06
-0.82 0.2 -0.459 1
-0.119 -0.877 0.688 0.55
-0.528 0.952 0.155 0.25
0.372 0.661 0.763 0.64
-0.703 -0.667 -0.032 0.72
0.251 0.543 -0.761 0.17
0.193 -0.687 0.469 0.77
0.835 0.641 -0.132 0.76
-0.014 -0.835 -0.842 0.89
0.363 0.923 -0.528 0.46
0.081 0.551 -0.474 0.48
0.951 0.636 0.988 0.49
0.58 -0.451 0.117 0.53
0.632 -0.035 -0.686 0.18
0.249 -0.823 0.696 0.34
0.999 0.393 -0.963 0.58
-0.167 -0.635 0.003 0.55
-0.313 -0.2 0.973 0.24
0.709 -0.344 0.612 0.88
0.46 -0.24 -0.184 0.55
-0.615 -0.132 -0.642 0.94
-0.389 0.828 0.643 0.45
0.097 -0.262 0.397 0.12
0.249 -0.727 -0.524 0.14
-0.013 -0.729 -0.435 0.63
0.892 -0.193 0.733 0.1
0.144 0.065 0.625 0.78
0.174 0.753 -0.763 1
-0.536 0.353 -0.679 0.81
0.647 0.708 0.338 0.81
-0.867 0.76 -0.703 0.46
-0.593 -0.849 0.368 0.19
-0.818 0.287 0.607 0.81
-0.405 0.798 -0.802 0.79
-0.362 0.011 -0.697 0.27
-0.293 0.89 -0.61 0.26
-0.473 0.498 0.902 0.61
-0.724 0.488 -0.075 0.94
-0.034 -0.066 -0.353 0.34
-0.369 0.706 -0.697 0.29
-0.892 -0.506 0.411 0.64
0.763 -0.82 0.714 0.73
-0.347 0.401 -0.844 0.52
-0.239 -0.001 -0.443 0.91
0.994 -0.528 0.272 0.04
-0.62 -0.395 -0.683 0.17
-0.337 0.887 -0.285 0.51
0.163 -0.831 0.265 1
-0.585 0.155 -0.714 0.65
-0.316 0.171 -0.484 0.07
-0.634 -0.18 -0.782 0.57
0.119 -0.035 0.676 0.63
0.498 -0.62 0.628 0.98
0.171 -0.448 0.581 0.01
0.502 0.67 -0.202 0.48
-0.168 -0.425 0.139 0.83
0.968 -0.292 0.567 0.36
0.996 0.788 -0.003 0.79
-0.595 -0.212 0.043 0.54
-0.847 -0.774 0.077 0.07
0.382 0.004 0.687 0.61
-0.803 0.121 0.43 0.2
-0.778 0.515 0.964 0.81
0.801 -0.983 0.955 0.3
0.337 -0.47 -0.144 0.21
-0.839 -0.149 0.696 0.39
-0.629 0.255 0.713 0.42
-0.178 0.024 -0.006 0.89
0.199 -0.199 -0.309 0.06
0.093 -0.584 0.978 0.6
0.525 0.084 0.052 0.96
-0.431 -0.862 -0.355 0.19
-0.439 0.919 -0.716 0.13
0.986 0.495 0.547 0.66
-0.934 -0.909 -0.172 0.58
-0.583 0.911 0.555 0.4
0.218 0.415 -0.843 0.94
0.833 -0.657 0.232 0.48
0.821 0.722 -0.319 0.73
0.226 -0.358 0.288 0.09
0.133 0.853 -0.248 0.39
0.107 0.646 -0.615 0.65
-0.989 0.861 -0.73 0.54
-0.681 -0.765 0.04 0.78
-0.339 0.416 0.376 0.41
-0.528 0.859 -0.895 0.52
-0.015 0.448 -0.012 0.69
0.944 0.032 -0.139 0.59
0.511 -0.503 -0.564 0.42
-1 -0.705 -0.304 0.95
0.681 0.798 0.937 0.04
0.493 -0.093 -0.126 0.29
-0.282 -0.198 0.156 0.48
0.152 -0.769 0.902 0.37
-0.654 -0.287 -0.365 0.58
0.728 -0.883 -0.759 0.67
0.611 0.939 0.788 0.87
-0.271 -0.265 0.611 0.99
0.264 -0.935 0 0.43
-0.51 -0.863 -0.866 0.94
0.034 -0.243 -0.165 0.03
-0.647 0.027 0.58 0.81
-0.795 -0.101 0.808 0.21
0.926 0.263 -0.049 0.44
-0.189 0.448 -0.225 0.44
0.437 -0.689 -0.093 0.88
-0.839 0.264 -0.089 0.53
0.949 0.945 0.541 0.95
-0.531 0.889 0.273 0.7
-0.858 -0.376 0.995 0.16
0.562 -0.684 -0.537 0.29
-0.535 0.888 -0.335 0.14
-0.798 -0.525 -0.352 0.86
0.858 0.678 -0.484 0.45
0.485 0.416 0.387 0.95
-0.412 -0.103 -0.781 0.69
0.844 -0.017 0.099 0.17
0.167 0.95 -0.353 0.59
-0.615 -0.042 -0.663 0.02
0.611 0.966 -0.047 0.84
-0.917 0.399 0.424 0.77
-0.439 -0.465 0.015 0.19
-0.695 -0.773 0.426 0.45
-0.028 -0.626 0.689 0.35
-0.063 -0.236 0.476 0.93
0.165 -0.015 0.688 0.08
-0.149 0.49 -0.316 0.49
-0.28 -0.223 0.537 0.27
0.965 0.527 -0.604 0.16
-0.049 -0.851 -0.122 0.76
0.404 0.084 0.29 0.16
0.492 0.555 -0.632 0.24
-0.007 -0.372 0.578 0.16
-0.29 -0.979 0.418 0.04
0.849 -0.485 -0.468 0.97
-0.774 0.403 0.282 0.32
0.322 0.098 -0.619 0.06
-0.983 0.585 -0.271 0.58
0.027 0.55 -0.976 0.55
0.63 -0.825 0.825 0.82
0.461 -0.098 0.108 0.73
0.709 -0.599 -0.214 0.85
0.976 0.311 0.935 0.81
0.653 -0.019 0.956 0.13
-0.415 -0.218 0.219 1
0.59 -0.539 0.842 0.25
0.627 -0.882 0.442 0.23
0.704 -0.976 0.773 0.91
-0.993 0.098 0.546 0.23
0.91 -0.979 -0.861 0.41
0.793 -0.662 0.217 0.1
-0.136 0.205 0.974 0.98
-0.852 0.925 0.772 0.92
0.578 0.703 -0.865 0.17
-0.63 -0.034 0.131 0.64
0.364 -0.8 0.329 0.78
-0.495 -0.352 -0.36 0.46
-0.112 -0.166 -0.029 0.38
-0.679 -0.266 0.231 0.86
0.552 0.071 0.65 0.94
-0.632 -0.697 0.429 0.6
-0.769 0.042 0.681 0.77
0.634 -0.556 0.704 0.79
0.352 -0.151 0.505 0.21
0.541 -0.826 -0.585 0.4
0.313 0.347 0.675 0.62
-0.457 -0.932 -0.653 0.4
-0.502 -0.118 0.444 0.79
-0.442 -0.373 -0.654 0.98
0.132 0.761 -0.555 0.81
-0.248 -0.413 -0.958 0.92
-0.51 -0.074 0.462 0.99
-0.84 -0.53 0.914 0.1
-0.312 -0.879 -0.458 0.71
0.151 0.591 0.963 0.13
0.322 0.495 0.718 0.33
0.498 -0.468 0.212 0.31
-0.046 -0.302 0.795 0.66
0.279 -0.641 -0.194 0.56
-0.559 -0.307 -0.742 0.15
0.119 -0.233 0.462 0.21
-0.401 -0.226 -0.233 0.48
-0.952 -0.526 0.999 0.35
-0.524 0.569 0.731 0.85
-0.076 -0.414 -0.02 0.38
-0.547 0.249 0.744 0.5
-0.783 -0.099 -0.074 0.33
-0.55 -0.291 -0.646 0.43
-0.363 -0.784 0.398 0.59
-0.026 -0.024 0.935 0.9
0.1 0.333 -0.352 0.39
0.251 0.322 0.889 0.07
-0.466 -0.717 0.632 0.26
0.719 0.361 -0.047 0.2
-0.959 0.035 0.86 0.03
0.851 0.846 -0.148 0.25
-0.356 0.907 -0.408 0.7
-0.683 0.702 0.782 0.04
0.882 0.198 -0.126 0.37
0.771 -0.224 0.246 0.13
0.737 0.3 -0.831 0.23
-0.318 -0.712 -0.012 0.19
-0.071 0.266 0.832 0.95
-0.192 0.274 0.763 0.29
0.53 0.105 0.686 0.35
-0.02 0.235 -0.802 0.96
0.929 -0.459 -0.579 0
0.748 0.754 -0.49 0.26
-0.843 0.743 0.372 0.34
-0.395 0.838 0.308 0.31
0.777 0.523 -0.653 0.65
-0.421 0.724 0.484 0.95
-0.108 0.255 -0.911 0.52
-0.358 -0.092 0.463 0.56
0.992 -0.745 0.803 0.51
-0.022 -0.114 -0.219 0.86
-0.879 -0.353 -0.709 0.68
-0.661 0.122 -0.482 0.93
-0.566 -0.832 -0.569 0.7
0.756 -0.024 -0.43 0.13
0.048 -0.27 0.743 0.85
0.324 -0.14 0.513 0.26
0.775 -0.33 -0.447 0.85
-0.154 -0.393 0.311 0.09
-0.826 -0.524 -0.752 0.68
-0.181 -0.443 0.63 0.69
-0.285 -0.007 -0.87 0.78
0.762 -0.883 -0.029 0.76
0.267 0.09 -0.642 0.57
0.625 0.788 0.426 0.06
0.201 -0.961 0.986 0.04
-0.68 0.409 -0.251 0.88
0.322 -0.875 0.844 0.81
0.319 0.117 0.293 0.93
0.647 -0.031 0.268 0.79
0.61 0.541 0.285 0.14
-0.215 -0.434 -0.583 0.97
0.238 0.69 -0.568 0.07
0.149 -0.702 0.682 0.72
-0.544 0.583 -0.108 0.22
0.524 0.42 -0.553 0.59
0.194 0.078 -0.434 0.25
0.962 -0.504 -0.309 0.25
-0.604 -0.057 -0.24 0.57
-0.456 -0.679 -0.071 0.65
-0.311 0.121 -0.589 0.25
-0.04 0.816 -0.751 0.73
0.145 -0.273 -0.564 0.41
-0.794 0.115 -0.549 0.76
-0.361 -0.98 -0.101 0.37
0.86 -0.095 -0.233 0.6
-0.692 -0.427 -0.961 0.31
-0.048 0.455 0.173 0.17
-0.411 0.187 0.889 0.65
-0.313 -0.615 -0.179 0.94
0.862 -0.502 -0.272 0.84
0.259 -0.857 0.528 0.78
-0.816 -0.421 0.142 0.28
-0.503 0.204 -0.612 0.16
-0.135 0.99 -0.582 0.02
-0.376 0.484 -0.043 0.66
0.137 -0.697 -0.212 0.16
-0.908 -0.271 0.3 0.27
-0.576 -0.648 0.008 0.31
-0.725 0.117 -0.884 0.77
0.696 0.699 0.543 0.64
-0.758 0.335 -0.279 0.31
-0.579 -0.948 -0.411 0.95
0.64 0.366 -0.144 0.47
0.364 -0.063 0.683 0.25
-0.098 0.254 0.363 0
0.726 0.804 -0.33 0.61
0.566 0.581 -0.569 0.57
-0.377 0.869 -0.498 0.25
0.426 0.416 -0.295 0.22
-0.833 -0.326 0.893 0
0.787 0.982 0.974 0.7
0.892 0.362 -0.454 0.63
-0.453 0.293 -0.539 0.31
-0.996 -0.831 -0.497 0.79
-0.604 -0.994 -0.04 0.26
-0.996 0.895 0.565 0.17
-0.913 0.997 0.554 0.77
0.137 0.328 0.818 0.35
0.313 -0.355 0.684 0.2
0.425 0.154 0.996 0.69
0.177 0.862 0.072 0.54
-0.921 -0.93 -0.555 0.71
0.5 0.798 0.467 0.08
0.716 -0.874 -0.576 0.74
-0.773 0.054 0.503 0.5
-0.314 0.287 0.003 0.01
0.181 -0.65 0.135 0.79
-0.744 0.196 -0.948 0.11
-0.353 0.403 0.19 0.24
-0.641 -0.815 -0.417 0.83
-0.435 -0.964 0.735 0.05
0.714 0.228 -0.327 0.94
0.06 0.75 0.811 0.7
0.52 -0.621 0.482 0.99
-0.939 -0.985 0.75 0.82
-0.24 -0.075 0.382 0.11
-0.974 -0.962 -0.413 0.03
0.334 -0.757 0.154 0.25
0.997 0.233 -0.928 0.23
0.544 -0.089 -0.948 0.35
0.508 0.169 0.512 0.28
-0.077 0.243 -0.808 0.51
0.085 0.997 0.972 0.6
-0.596 -0.67 -0.951 0.88
0.592 -0.676 -0.191 0.57
-0.416 0.535 -0.211 0.52
0.154 0.081 0.812 0.58
-0.662 0.443 -0.047 0.38
-0.547 0.58 0.162 0.94
0.014 -0.188 0.216 0.68
-0.152 0.07 -0.979 0.78
-0.518 -0.79 -0.982 0.45
-0.917 -0.26 0.675 0.81
0.024 0.647 0.774 0.56
0.361 0.951 0.308 0.12
-0.935 0.899 0.66 0.68
-0.254 -0.82 -0.406 0.08
0.005 -0.169 0.283 0.57
0.402 -0.3 0.639 0.6
-0.115 0.167 -0.847 0.96
-0.047 0.7 -0.975 0.24
-0.598 -0.023 0.536 0.27
-0.344 -0.358 0.943 0.64
-0.975 0.909 -0.887 0.45
0.437 0.1 0.658 0.22
-0.314 -0.65 0.273 0.21
0.012 0.779 0.091 0.08
0.329 0.602 -0.538 0.85
-0.388 -0.708 0.726 0.24
0.56 0.226 -0.848 0.14
0.281 0.639 0.364 0.09
-0.39 -0.849 -0.354 0.19
0.046 0.892 0.482 0.18
-0.814 -0.028 0.467 0.06
0.656 -0.876 0.668 0.89
0.376 0.478 0.106 0.62
-0.32 0.545 -0.585 0.21
0.163 0.149 0.357 0.89
-0.806 -0.902 0.753 0.79
0.044 -0.884 0.743 0.62
-0.449 0.294 0.467 0.4
-0.527 0.35 -0.961 0.55
0.77 -0.513 -0.819 0.53
-0.586 0.058 -0.109 0.67
-0.754 -0.596 -0.495 0.05
-0.028 0.553 0.27 0.34
-0.94 0.114 0.301 0.39
0.887 -0.405 -0.466 0.6
0.39 0.473 -0.965 0.08
0.347 -0.55 0.816 0.09
0.751 -0.453 0.215 0.04
0.676 -0.837 0.274 0.33
0.851 0.004 0.68 0.44
-0.667 0.306 -0.831 0.63
-0.739 -0.05 -0.012 0.14
-0.964 -0.815 0.551 0.81
-0.787 -0.728 -0.365 0.64
0.444 -0.712 -0.479 0.48
-0.541 -0.585 -0.621 0.23
0.724 -0.582 0.108 0.07
-0.252 -0.096 0.901 0.21
0.927 -0.676 -0.025 0.11
0.884 0.312 0.806 0.23
-0.527 0.54 0.22 0.95
-0.118 -0.529 0.738 0.65
-0.012 -0.815 0.026 0.07
0.965 0.63 0.059 0.62
0.461 -1 -0.352 0.48
-0.843 0.344 -0.853 0.55
-0.985 0.334 -0.989 0.29
0.981 0.074 -0.975 0.28
0.271 0.111 0.622 0.5
0.717 0.772 -0.915 0.33
0.039 -0.984 0.6 0.96
-0.205 -0.341 -0.843 0.98
0.122 -0.606 -0.204 0.42
0.005 -0.507 -0.571 1
0.704 -0.137 -0.754 0.34
0.311 0.048 -0.311 0.41
0.08 -0.836 -0.521 0.82
0.001 0.562 -0.053 0.36
-0.26 -0.534 0.914 0.99
-0.306 -0.597 0.107 0.64
0.281 -0.613 -0.652 0.42
0.429 -0.797 0.022 0.26
0.679 0.993 -0.455 0.72
-0.403 -0.279 -0.885 0.98
-0.106 -0.738 -0.584 0.64
0.479 0.405 0.113 0.22
-0.178 -0.484 0.033 0.19
-0.884 -0.563 -0.141 0.32
-0.405 0.323 -0.746 0.86
-0.222 -0.496 -0.27 0.82
0.464 0.364 -0.82 0.57
0.022 -0.237 0.391 0.15
0.788 -0.475 -0.294 0.69
-0.647 0.044 0.899 0.97
-0.646 0.959 0.926 0.83
0.723 0.024 -0.109 0.2
-0.939 -0.402 0.613 0.08
-0.89 -0.647 0.881 0.75
0.421 0.166 0.313 0.13
0.73 0.768 -0.87 0.25
-0.578 0.88 -0.98 0.23
-0.208 0.404 0.39 0.59
-0.012 0.888 0.705 0.73
-0.864 -0.153 -0.799 0.05
0.258 0.417 0.917 0.31
-0.299 0.143 -0.43 0.95
-0.256 0.149 0.757 0.53
0.576 0.016 -0.029 0.14
0.05 -0.446 0.678 0.83
-0.581 -0.161 -0.05 0.09
-0.29 -0.548 0.382 0.1
-0.304 0.276 0.565 0.33
-0.647 -0.715 -0.192 0.84
-0.472 -0.815 0.174 0.3
0.465 -0.136 0.224 0.4
0.377 -0.535 -0.929 0.77
-0.997 -0.915 0.646 0.11
-0.927 -0.368 -0.787 0.72
0.098 0.36 0.369 0.76
0.697 0.108 -0.974 0.75
-0.403 0.015 -0.918 0.38
0.288 0.485 -0.413 0.79
0.201 0.918 -0.176 0.78
0.159 0.752 -0.132 0.26
-0.548 0.81 0.29 0.59
0.805 -0.503 -0.665 0.89
0.813 -0.386 -0.773 0.71
0.396 -0.932 0.91 0.7
-0.671 0.972 0.43 0.06
-0.37 -0.034 0.232 0.11
-0.594 -0.03 0.068 0.27
0.908 0.443 -0.187 0.53
0.153 -0.631 -0.375 0.87
0.368 0.576 -0.497 0.9
0.348 0.784 0.663 0.26
-0.488 0.565 0.556 0.74
-0.775 0.578 -0.565 0.98
0.923 0.737 0.3 0.63
-0.63 0.488 0.113 0.18
-0.927 -0.719 -0.859 0.65
-0.551 0.968 0.816 0.82
-0.515 -0.31 0.165 1
0.037 0.485 -0.219 0.85
-0.027 0.182 0.832 0.77
-0.206 0.307 -0.661 0.22
0.99 0.086 0.257 0.44
0.218 0.493 -0.989 0.63
-0.433 0.447 -0.646 0.33
0.266 0.604 -0.829 0.87
-0.162 0.594 0.556 0.87
0.301 0.141 -0.162 0.01
0.168 -0.813 0.878 0.59
0.632 -0.807 0.529 0.26
0.118 0.231 -0.407 0.86
-0.339 -0.691 -0.032 0.29
0.257 0.543 -0.77 0.19
0.121 -0.413 0.152 0.29
0.82 -0.034 -0.078 0.7
-0.611 -0.522 0.739 0.7
-0.799 -0.976 -0.889 0.64
-0.582 -0.182 0.033 0.59
-0.445 -0.436 0.325 0.93
0.248 0.068 -0.413 0.1
-0.775 0.107 -0.181 0.19
0.363 -0.969 0.618 0.59
-0.97 0.173 0.043 0
-0.603 0.533 -0.47 0.99
-0.117 -0.43 -0.785 0.66
0.176 -0.177 -0.962 0.61
-0.74 -0.333 -0.013 0.77
0.611 -0.046 -0.88 0.85
-0.484 0.853 -0.805 0.45
-0.573 -0.151 -0.676 0.85
0.287 -1 0.965 0.94
0.998 -0.363 -0.332 0.05
-0.514 0.881 -0.346 0.33
0.256 -0.847 0.126 0.19
-0.348 0.793 -0.86 0.4
-0.282 -0.047 -0.286 0.7
-0.62 -0.325 -0.792 0.9
-0.915 -0.732 -0.823 0.96
0.862 0.673 -0.739 0.51
-0.046 -0.815 0.248 0.37
-0.757 -0.813 0.16 0.94
-0.651 -0.944 -0.978 0.14
0.861 -0.372 0.119 0.32
0.626 0.616 -0.581 0.38
-0.965 0.398 0.475 0.33
-0.553 -0.689 0.229 0.97
0.992 0.34 0.278 0.12
-0.637 -0.375 -0.734 0.65
-0.398 0.405 -0.759 0.52
0.48 0.839 0.359 0.29
-0.273 -0.963 0.282 0.93
-0.776 0.786 -0.571 0.03
-0.347 -0.975 0.394 0.32
-0.545 0.31 0.183 0.01
-0.627 -0.668 -0.868 0.2
-0.588 -0.295 -0.63 0.72
-0.533 0.881 -0.57 0.76
-0.239 -0.394 -0.091 0.82
-0.446 -0.434 -0.244 0.68
-0.258 -0.633 -0.91 0.78
-0.881 -0.758 -0.369 0.51
-0.612 0.402 -0.11 0.23
-0.085 -0.092 -0.531 0.65
0.117 0.483 0.604 0.13
0.203 0.884 -0.22 0.1
-0.609 0.524 0.349 0.93
0.104 0.69 -0.551 0.92
0.491 0.571 0.396 0.56
0.535 0.412 -0.622 0.26
-0.636 0.277 0.847 0.58
0.985 0.759 -0.297 0.27
0.087 -0.681 0.157 0.67
-0.861 0.62 -0.382 0.15
0.404 0.558 0.251 0.64
-0.147 0.814 0.287 0.35
-0.131 -0.842 0.737 0.44
-0.544 0.576 -0.151 0.32
0.082 0.68 -0.547 0.12
0.161 0.754 0.022 0.92
-0.239 -0.373 0.873 0.38
0.064 -0.279 0.048 0.31
-0.083 -0.019 -0.411 0.8
-0.516 0.52 0.971 0.86
-0.637 -0.804 -0.598 0.47
-0.85 -0.291 0.283 0.3
0.582 0.161 -0.746 0.79
0.235 0.942 -0.858 0.66
0.67 0.129 0.74 0.32
-0.024 -0.498 0.444 0
0.137 -0.127 0.229 0.67
-0.857 0.825 -0.024 0.07
-0.208 -0.692 0.583 0.83
0.35 0.464 -0.308 0.89
-0.015 0.574 -0.056 0.91
-0.791 0.05 0.549 0.87
-0.825 0.098 0.393 0.49
-0.162 0.702 -0.798 0.03
-0.147 -0.387 0.944 0.94
0.688 0.168 0.05 0.72
-0.436 -0.58 0.863 0.07
0.744 -0.831 0.612 0.09
-0.247 -0.17 -0.886 0.91
0.296 -0.262 -0.501 0.56
0.977 -0.638 0.123 0.88
0.818 -0.004 0.497 0.33
-0.303 0.142 0.398 0.94
-0.063 0.675 0.965 0.81
-0.831 0.014 0.479 0.9
-0.016 -0.158 0.599 0.55
0.68 -0.358 -0.742 0.5
-0.335 -0.657 -0.972 0.8
0.862 0.56 0.613 0.31
0.3 0.735 -0.475 0.07
-0.37 -0.055 -0.094 0.16
0.417 0.901 0.265 1
0.941 -0.374 0.815 0.69
0.936 0.67 0.985 0.21
-0.855 -0.972 -0.737 0.52
-0.294 -0.864 0.445 0.23
0.949 0.625 0.695 0.31
-0.621 -0.051 0.25 0.47
-0.299 -0.676 0.183 0.36
-0.382 0.075 -0.982 0.27
0.288 0.597 -0.598 0.53
0.92 -0.474 0.877 0.98
-0.13 -0.936 -0.331 0.62
-0.991 0.061 0.075 0.32
-0.302 0.053 -0.901 0.96
0.856 -0.4 -0.58 0.2
0.294 0.627 0.093 0.96
-0.508 -0.14 0.067 0.09
0.464 -0.678 -0.328 0.63
-0.28 0.461 0.904 0.33
0.154 -0.875 0.162 0.44
-0.364 -0.254 0.524 0.99
-0.348 -0.857 0.707 0.27
0.246 0.58 -0.954 0.42
-0.617 0.509 -0.356 0.09
-0.801 0.1 0.026 0.42
-0.443 0.755 -0.796 0.14
-0.164 -0.796 -0.532 0.08
-0.861 0.897 0.577 0.17
-0.903 -0.252 -0.331 0.62
0.188 0.747 -0.203 0.86
0.279 0.707 0.419 0.2
0.274 -0.57 0.246 0.14
-0.137 0.314 -0.215 0.08
0.235 0.397 -0.526 0.66
-0.529 0.419 0.493 0
-0.202 -0.885 -0.105 0.84
0.626 0.805 0.16 0.66
-0.976 -0.981 0.547 0.42
0.637 -0.518 -0.9 0.1
-0.143 -0.091 -0.544 0.06
0.318 0.956 0.504 0.99
-0.992 -0.941 0.11 0.6
-0.708 -0.307 -0.069 0.43
0.193 -0.93 0.752 0.43
0.158 0.33 -0.331 0.32
-0.038 0.176 -0.222 0.52
0.472 -0.662 -0.323 0.56
0.615 0.76 -0.02 0.63
0.607 -0.594 -0.131 0.36
-0.278 0.856 -0.615 0.64
-0.568 0.796 -0.248 0.48
-0.029 -0.386 0.925 0.94
0.343 -0.328 -0.854 0.42
-0.363 0.233 0.466 0.83
-0.111 0.131 0.509 0.5
0.613 -0.891 0.174 0.3
-0.767 -0.777 -0.158 0.93
-0.196 0.456 -0.528 0.45
-0.525 -0.072 0.454 0.9
0.116 -0.856 -0.407 0.31
0.545 0.104 -0.439 0.13
-0.478 0.511 0.985 0.84
0.961 0.15 -0.523 0.35
-0.253 -0.864 0.79 0.8
0.168 -0.351 0.652 0.42
-0.479 -0.166 0.692 0.22
-0.777 -0.532 -0.444 0.76
0.443 -0.383 -0.666 0.92
0.333 0.083 -0.092 0.67
-0.572 -0.363 0.853 0.61
0.967 0.616 0.238 0.98
-0.741 0.325 0.729 0.86
0.834 -0.396 0.304 0.97
0.728 -0.484 0.014 0.58
-0.562 -0.524 0.099 0.18
-0.891 0.795 -0.626 0.53
-0.761 0.242 0.452 0.58
-0.253 0.792 -0.262 0.45
0.4 0.428 -0.529 0.62
0.22 -0.538 0.291 0.57
0.872 0.189 -0.171 0.68
-0.641 0.841 -0.192 0.39
0.842 0.688 -0.847 0.07
-0.895 0.494 -0.415 0.02
0.76 0.9 0.989 0.01
0.713 -0.292 -0.041 0.38
0.709 -0.839 -0.369 0.09
0.039 -0.108 -0.326 0.18
0.128 0.182 0.032 0.62
-0.309 0.691 -0.911 0.37
-0.633 0.523 -0.946 0.05
0.26 0.332 -0.008 1
0.097 -0.205 -0.172 0.5
-0.861 0.93 -0.018 0.67
-0.438 0.825 0.694 0.01
0.208 0.261 0.474 0.75
-0.085 -0.96 0.485 0.75
-0.17 0.26 0.274 0.79
0.658 0.33 -0.583 0.42
-0.269 -0.765 -0.237 0.84
0.418 -0.143 0.06 1
0.182 0.05 -0.58 0.71
0.832 -0.141 0.409 0.05
0.56 -0.727 -0.314 0.34
-0.747 0.908 0.04 0.49
-0.023 0.548 0.924 0.73
0.318 0.636 -0.37 0.19
0.521 0.185 -0.28 0.54
0.598 0.686 -0.453 0.4
0.579 -0.53 0.789 0.15
-0.897 -0.621 0.798 0.9
0.259 -0.067 -0.295 0.83
0.376 0.6 -0.932 0.91
-0.092 0.353 0.25 0.84
-0.836 0.647 -0.9 0.61
0.211 -0.787 0.328 0.75
0.224 -0.934 -0.829 0.65
0.404 -0.109 -0.255 0.34
-0.576 -0.569 -0.839 0.57
-0.439 -0.444 -0.426 0.36
-0.028 -0.888 -0.282 0.67
0.745 -0.716 -0.634 0.61
-0.775 -0.498 -0.737 0.51
-0.526 -0.84 0.455 0.96
-0.654 0.461 -0.408 0.57
-0.682 0.326 0.1 0.77
0.55 -0.005 0.817 0.6
0.804 -0.996 -0.52 0.63
0.698 -0.623 -0.842 0.78
0.189 -0.497 0.029 0.76
0.237 -0.486 0.325 0.08
0.316 -0.58 0.116 0.78
0.972 0.264 0.491 0.94
-0.184 0.085 0.312 0.71
-0.55 0.975 -0.392 0.41
-0.341 -0.548 -0.737 0.15
0.42 -0.999 0.833 0.31
-0.47 0.974 -0.605 0.46
-0.854 0.435 -0.984 0.55
0.328 -0.811 -0.028 0.08
0.321 -0.205 -0.179 0.52
-0.515 -0.712 0.238 0.6
-0.199 0.707 0.403 0.91
0.889 0.374 0.661 0.17
-0.041 -0.729 -0.795 0.2
0.894 0.468 -0.729 0.84
-0.383 -0.815 0.341 0.62
0.69 0.474 0.837 0.3
0.328 0.311 -0.686 0.03
0.989 -0.893 -0.37 0.55
0.246 -0.293 -0.908 0.58
-0.664 0.05 0.059 0.45
-0.394 0.404 -0.73 0.94
-0.009 -0.19 0.862 0.69
0.266 0.626 -0.923 0.78
-0.087 -0.921 -0.583 0.27
-0.369 0.989 -0.279 0.53
0.334 -0.977 -0.855 0.96
-0.863 0.171 0.592 0.16
0.189 0.565 -0.009 0.61
-0.643 0.795 0.292 0.25
-0.63 0.383 0.017 0.41
0.428 -0.465 -0.476 0.68
0.849 -0.632 0.575 0.36
0.833 0.191 0.066 0.79
0.61 -0.686 0.584 0.87
-0.218 -0.777 -0.666 0.43
-0.79 0.811 0.892 0.05
-0.332 0.773 0.302 0.71
0.416 -0.132 -0.011 0.18
0.391 -0.615 0.508 0.75
-0.065 -0.74 -0.936 0.22
-0.749 -0.789 -0.851 0.67
-0.008 0.571 -0.105 0.49
0.957 0.921 -0.967 0.15
-0.744 -0.02 0.589 0.09
0.464 -0.157 -0.636 0.32
-0.656 0.758 -0.57 0.34
-0.087 0.817 0.373 0.04
0.941 0.224 -0.208 0.31
-0.343 0.768 -0.709 0.35
0.245 0.432 0.927 0.41
-0.106 0.246 0.924 0.07
0.515 0.072 -0.436 0.09
-0.881 0.69 -0.187 0.15
0.461 -0.657 -0.618 0.91
0.954 0.404 -0.007 0.37
-0.025 -0.713 0.313 0.55
-0.962 0.763 0.089 0.23
0.465 -0.654 -0.323 0.65
0.288 -0.887 0.013 0.68
-0.985 0.393 -0.306 0.32
-0.771 0.179 0.256 0.04
-0.092 0.727 0.046 0.28
-0.307 0.904 0.513 0.73
-0.016 -0.718 -0.676 0.2
0.092 -0.226 0.661 0.72
0.087 0.062 0.793 0.61
-0.955 0.368 -0.419 0.75
-0.134 0.049 -0.496 0.52
-0.656 -0.393 -0.429 0.43
-0.338 0.309 0.016 0.74
0.515 -0.753 -0.653 0.32
-0.757 -0.408 -0.068 0.27
0.726 -0.435 -0.85 0.71
-0.121 -0.361 0.317 0.95
0.283 0.533 0.685 0.17
0.016 -0.547 -0.327 0.33
-0.774 -0.301 -0.085 0.11
0.786 0.298 -0.219 0.65
-0.235 0.05 0.441 0.96
-0.881 -0.839 -0.368 0.85
0.556 -0.677 0.721 0.47
-0.301 -0.565 -0.56 0.77
-0.672 0.311 0.651 0
0.499 -0.925 0.771 0.91
-0.648 0.859 0.965 0.49
0.429 0.208 0.238 0.22
-0.246 0.854 0.007 0.37
-0.183 0.482 -0.678 0.43
-0.087 -0.081 0.315 0.84
-0.511 -0.382 -0.995 0.7
-0.783 -0.666 -0.171 0.77
-0.817 0.437 -0.732 0.39
-0.845 -0.332 -0.579 0.3
0.575 0.108 0.675 0.65
0.499 0.131 0.534 0.75
0.871 -0.394 0.05 0.95
-0.412 -0.099 -0.105 0.01
-0.724 0.155 -0.999 0.89
-0.297 -0.331 -0.903 0.77
0.278 -0.135 0.038 0.75
0.033 -0.857 -0.239 0.19
-0.455 -0.133 0.53 0.1
-0.018 -0.715 -0.967 0.2
0.905 0.389 0.758 0.16
-0.416 0.498 0.194 0.24
0.672 -0.43 0.064 0.67
0.997 0.054 0.103 0.91
0.572 0.244 -0.402 0.53
-0.161 0.479 -0.773 0.31
0.246 -0.588 -0.861 0.14
-0.859 0.647 -0.711 0.32
-0.121 -0.765 -0.963 0.64
0.361 0.868 -0.025 0.1
0.38 -0.053 0.482 0.6
-0.986 0.414 0.267 0.02
-0.81 0.256 0.614 0.07
-0.855 -0.204 -0.153 0.37
-0.579 0.729 -0.763 0.47
-0.87 0.982 -0.888 0.15
-0.662 0.116 -0.618 0.52
-0.408 0.849 -0.479 0.66
0.183 0.914 0.939 0.05
-0.857 0.85 0.785 0.84
0.851 -0.604 -0.85 0.44
-0.023 0.148 -0.337 0.33
-0.851 0.849 0.462 0.92
0.062 0.978 -0.916 0.69
-0.337 -0.207 0.183 0.2
0.164 0.709 0.138 1
0.454 0.414 -0.485 1
0.974 0.89 -0.123 0.56
0.349 0.961 -0.077 0.37
-0.675 0.269 -0.259 0.75
0.344 0.867 0.091 0.54
0.508 -0.743 0.81 0.92
-0.427 0.847 0.973 0.21
-0.582 0.895 0.156 0.14
0.15 0.689 0.445 0.06
-0.439 0.75 -0.717 0.43
0.073 -0.453 -0.204 0.73
-0.858 0.318 0.426 0.65
0.754 -0.824 -0.192 0.25
0.506 0.623 0.418 0.64
0.37 0.649 0.444 0.32
0.665 0.784 0.928 0.44
-0.187 0.786 -0.142 0.73
0.921 -0.182 0.52 0.5
-0.757 -0.936 -0.726 0.22
-0.164 -0.361 0.832 0.4
-0.781 -0.021 -0.31 0.51
-0.452 -0.699 0.81 0.82
0.442 -0.616 -0.575 0.59
0.918 0.184 0.079 0.42
0.324 -0.442 0.033 0.57
-0.223 -0.086 -0.372 0.38
-0.836 -0.781 0.774 0.66
0.533 -0.244 -0.153 0.87
-0.841 0.778 -0.786 0.93
0.094 -0.542 0.162 0.19
0.265 -0.707 -0.095 0.6
-0.846 0.331 0.513 0.38
-0.102 -0.085 0.394 0.33
0.569 -0.71 0.667 0.63
-0.518 -0.719 0.846 0.56
0.064 -0.384 -0.617 0.94
0.334 -0.867 0.76 0.02
0.059 -0.821 0.926 0.99
-0.099 -0.335 -0.986 0.35
-0.433 0.141 -0.098 0.56
-0.913 -0.684 -0.732 0.1
-0.308 -0.373 0.974 0.7
-0.076 0.817 0.45 0.13
0.474 -0.648 -0.872 0.85
0.587 -0.838 -0.152 0.36
0.822 0.985 -0.931 0
0.746 -0.153 0.532 0.96
0.805 0.71 -0.306 0.89
-0.223 -0.22 0.88 0
0.008 -0.468 0.909 0.52
0.557 -0.551 0.44 0.41
-0.983 -0.725 -0.463 0.88
-0.654 -0.468 0.652 0.74
-0.528 -0.925 -0.909 0.3
0.53 -0.26 -0.364 0.11
-0.024 -0.437 0.359 0.41
0.191 0.627 0.849 0.08
-0.416 -0.705 -0.399 0.5
0.78 -0.642 0.319 0.54
0.161 0.627 -0.904 0.21
-0.368 -0.535 0.244 0.65
-0.939 0.582 -0.737 0.65
-0.673 -0.697 0.905 0.31
0.154 0.408 -0.61 0.91
-0.612 0.484 -0.555 0.29
0.953 -0.615 0.213 0.95
-0.421 -0.472 0.989 0.83
-0.416 -0.425 -0.941 0.95
0.544 0.242 -0.407 0.4
0.348 -0.692 -0.127 0.47
-0.211 -0.456 -0.437 0.9
0.871 -0.875 -0.692 0.93
-0.736 -0.222 0.341 0.06
0.605 0.701 0.67 0.22
0.778 -0.002 -0.003 0.36
0.674 -0.779 -0.295 0.22
-0.732 0.446 -0.932 0.32
0.056 0.997 -0.009 0.8
0.157 0.28 0.236 0.17
-0.379 0.784 0.9 0.06
-0.202 0.502 0.601 0.4
-0.507 0.82 0.675 0.03
0.536 -0.642 -0.458 0.39
0.777 -0.407 -0.162 0.09
0.832 -0.288 0.184 0.56
0.119 0.815 0.707 0.69
0.257 -0.871 0.196 0.3
-0.391 -0.876 -0.517 0.38
0.059 -0.309 -0.808 0.01
-0.97 -0.75 0.204 0.12
0.347 -0.241 0.723 0.84
0.455 0.401 -0.218 0.08
0.844 -0.763 0.107 0.93
0.179 -0.39 -0.369 0.57
0.751 0.522 -0.637 0.99
-0.751 0.324 -0.858 0.3
0.45 0.19 -0.771 0.3
0.592 0.933 0.511 0.58
-0.708 0.402 -0.217 0.47
-0.52 -0.468 0.39 0.06
0.499 -0.734 -0.1 0.51
-0.159 0.411 -0.098 0.77
-0.11 -0.817 0.305 0.91
0.168 -0.515 -0.008 0.85
0.206 -0.85 -0.277 0.91
0.764 0.981 -0.384 0.08
-0.714 -0.959 0.366 0.02
0.582 0.558 -0.72 0.06
0.58 -0.65 -0.725 0.99
0.674 -0.829 -0.07 0.65
-0.744 0.648 -0.757 0.14
-0.045 -0.86 0.165 0.82
0.905 0.777 -0.915 0.19
-0.911 0.944 0.566 0.13
-0.166 0.995 -0.486 0.66
-0.045 -0.025 -0.647 0.79
0.705 0.346 0.094 0.37
0.45 -0.968 -0.352 0.49
0.771 -0.995 0.041 0.19
-0.094 -0.246 0.32 0.05
0.207 -0.925 -0.874 0.75
-0.67 0.546 0.182 0.79
0.521 -0.878 0.919 0.18
0.253 0.461 -0.974 0.22
-0.176 -0.833 -0.637 0.15
-0.839 -0.943 0.014 0.03
-0.059 -0.35 0.713 0.23
0.532 -0.282 0.89 0.43
-0.642 -0.388 0.303 0.18
0.701 0.446 -0.943 0.48
0.523 -0.152 -0.333 1
-0.912 0.374 0.495 0.58
0.731 -0.222 0.24 0.32
-0.998 0.744 -0.993 0.97
0.857 0.531 -0.578 0
-0.45 -0.145 0.326 0.62
0.941 -0.245 0.473 0.49
0.633 -0.271 0.56 0.67
0.6 0.149 0.746 0.77
0.289 -0.248 0.224 0.98
0.798 0.2 0.53 0.87
-0.364 0.019 -0.369 0.97
-0.552 0.899 0.984 0.5
-0.105 0.667 -0.14 0.32
-0.626 -0.573 0.14 0.35
0.765 0.913 -0.671 0.75
-0.401 -0.446 -0.709 0.96
0.642 -0.691 -0.795 0.25
-0.263 -0.994 0.189 0.47
0.434 0.737 0.665 0.66
0.229 0.564 0.601 0.12
-0.293 0.837 -0.506 0.72
-0.339 -0.145 0.458 0.13
0.198 0.191 -0.471 0.99
-0.799 -0.604 -0.912 0.62
0.143 -0.304 -0.8 0.93
0.097 0.83 -0.932 0.19
0.472 0.683 -0.843 1
0.047 -0.613 0.638 0.11
0.84 -0.024 -0.5 0.46
