0 0.6 0 8.71
0.8 0.3 -0.6 7.11
0.6 -1 -0.3 8.71
0.3 -0.6 0.9 7.81
0.9 0.1 0.1 9.91
-0.6 -0.2 -0.9 7.51
-0.3 1 0.7 6.61
-0.1 -0.1 -0.3 1.51
0.4 -0.6 -0.6 4.41
0.7 -0.5 0.8 9.21
0.7 0.6 -0.9 4.21
0.4 0.6 0.7 9.41
0.3 -0.4 -0.2 0.01
-0.3 0.7 -0.9 6.01
-0.6 0.2 -0.7 5.01
0.2 0.4 -1 4.21
-1 1 -0.3 5.41
-0.7 0.8 -0.4 9.01
0.5 0.1 -0.1 3.81
-0.6 -0.4 1 5.61
-1 0.1 -0.3 4.41
0.3 1 0.5 0.81
0.3 0.2 0.1 6.11
0.5 -0.9 -0.2 1.11
-0.8 0 -0.6 1.51
0.8 0.9 -0.4 9.91
0 -0.8 -0.6 9.61
-0.9 -0.6 -0.4 1.71
-0.4 0.8 0.6 3.51
0.6 -0.6 1 5.71
1 -0.5 0.9 6.31
0.5 0.1 -0.9 3.11
-0.2 -0.5 0.5 10.01
-0.7 0 0.2 9.01
0.5 -0.7 0.7 4.81
0.7 0.9 -0.1 1.11
-0.5 -1 0.1 6.71
0.2 -0.5 -0.4 1.01
0.6 0.1 0.6 4.61
-1 0.4 -0.4 6.01
0.8 0.8 0.2 9.41
-0.2 0.7 -0.6 2.81
-0.8 0.4 -0.3 7.31
0.4 0.9 -0.3 0.61
0.6 0.1 0.8 9.21
0.1 0.2 -0.8 6.81
-1 -0.4 -1 9.11
0.5 -1 -0.9 9.11
0.8 -0.2 1 2.81
0.2 -0.9 -0.5 8.81
-0.2 -0.2 0.5 2.21
1 0.7 -0.5 6.51
0.2 1 0.5 7.71
0.6 1 -0.7 6.31
0.6 0.9 0.2 4.91
-0.3 -0.9 -1 2.81
0.4 0.6 -0.4 5.01
-0.9 -0.3 0 5.21
-1 1 -1 9.31
0.6 -0.4 -0.6 1.61
0.1 0.1 0.2 4.91
-0.7 0.7 0.7 5.41
-0.1 0.6 1 3.01
-0.7 0.4 0.4 4.11
0.4 1 0 5.11
1 0.6 -0.3 6.71
0.4 -0.4 -0.3 4.91
-0.2 0.4 0.1 2.81
0.3 0.7 -0.2 3.51
0.5 -0.2 1 9.41
-0.4 -0.5 -0.1 4.61
0.4 0.2 0.2 5.01
0.5 -0.5 0.9 5.21
0.6 0 -0.4 7.61
0.3 0.3 -0.5 5.01
-0.6 0.2 0 4.61
-1 0.3 0.5 2.21
-0.5 0 -0.4 10.01
-0.4 0.2 -1 6.81
0.2 -0.5 0.7 2.61
-0.8 -0.7 0.2 6.11
0.1 -0.9 -0.8 4.31
0.6 -0.6 -0.3 7.91
0.6 -0.7 -0.8 6.71
0.4 -0.3 -0.5 5.41
-0.6 0.4 -0.1 8.41
0.9 -0.9 -0.6 6.61
1 -0.3 0.3 7.91
0.7 0.1 0.7 0.21
0.3 0.1 0.2 7.11
0 0.7 0.3 6.61
0 0.4 0.5 5.21
0.1 0 0 9.01
0.1 0 0.9 9.61
0.8 1 0.3 4.31
0.4 -0.5 0.8 8.21
0.4 0.8 -0.3 7.11
0.9 -0.4 0.2 9.91
1 0.4 0 9.91
0.4 0.2 0.6 4.71
0.3 0.3 0 9.11
-1 -0.4 0.7 6.31
0.3 0.1 0.1 2.91
-0.6 -0.4 -1 4.71
0.8 0.9 -0.6 9.41
0.2 0.2 0.9 8.81
-0.8 0.1 0.3 2.31
0.6 0 -0.6 8.91
-0.6 0.4 0.6 2.11
0.5 1 -0.7 3.81
-0.9 0.1 -1 8.71
-0.1 0.7 0.3 3.61
-1 -0.5 0 7.01
-0.9 -0.5 -0.9 9.51
0 0.6 0.6 5.81
-0.1 -0.9 -0.2 3.61
0.7 -0.2 -0.3 5.91
-0.5 -0.1 0.8 2.31
0.4 -0.7 0.8 2.01
-1 -0.2 -0.5 2.21
-0.6 -0.9 0.8 1.41
0.4 -0.5 -0.6 5.31
-0.4 -0.8 -0.3 1.01
0.4 -0.7 -0.7 4.31
0.8 -0.6 0.2 4.01
0.8 -0.7 0.5 7.61
0.4 0.2 -0.4 5.11
0.3 -0.7 0.1 7.01
0.9 0.8 -0.9 2.91
-0.2 -0.3 0.1 2.41
0.3 -1 -1 4.51
0.2 0.3 -0.1 4.31
0.7 0.4 -0.1 6.11
-0.9 -0.8 0.3 7.01
-0.8 0.7 0 0.21
0 0.5 0.9 2.51
-0.7 0.2 -0.6 4.51
0.7 0.7 0.2 6.11
-0.5 1 -0.3 5.61
0.9 0.3 -0.1 9.41
0.7 -0.1 0.9 1.71
1 -0.5 -0.9 9.31
0.4 0.3 0 1.11
-0.9 -0.4 -0.8 2.61
-0.1 0.1 0.5 9.61
0.4 0.3 0.8 9.41
0.4 0.6 -0.5 2.31
0.6 0.7 0.8 9.01
-0.4 -0.4 -0.9 2.11
-0.6 0.1 -0.2 6.61
0.8 -0.4 0.2 1.81
-0.9 -0.4 0.8 7.91
-0.3 -1 0.5 0.11
-0.8 1 -1 3.71
0.8 0.8 0.3 9.01
0.7 -0.7 0.5 1.81
-0.6 -0.9 0.7 8.81
-0.8 0.9 1 9.31
0.2 0.4 0.9 1.91
-0.5 -0.7 1 8.21
0.5 0.9 1 2.51
-0.3 -0.5 0.1 4.01
0.8 0.3 -0.5 1.01
0.7 -0.8 0.2 3.21
0.6 -0.6 -0.2 3.11
0 0.7 0.1 1.21
0.2 0.1 -0.8 7.31
0.8 0.3 -0.6 5.91
0.7 0.4 0.9 0.51
-0.8 0.6 0.4 3.31
-0.7 0.7 -0.6 9.81
0.6 0 0.1 3.71
0.8 1 1 5.21
0.3 -0.7 -0.7 0.21
-0.5 0.1 -0.4 5.01
0.8 0 0.5 2.51
-1 -1 -0.3 0.91
-0.1 -0.7 -0.3 8.21
-0.8 -1 0.3 6.91
0.2 -0.6 0.3 4.71
0.3 -0.5 0.4 7.11
0.6 -0.2 0.4 6.21
0.8 0.3 -0.9 0.91
0.1 0.4 1 2.01
0.1 0.9 0 6.21
-0.5 0.8 0 7.61
0.8 0.9 -0.2 5.51
-0.2 -0.5 -0.8 8.41
0.4 0.9 0.9 0.21
0.2 -0.3 -0.8 8.41
0.3 0.3 0.3 9.81
0.5 -0.7 -0.1 7.81
0.1 -0.6 -0.1 7.51
-0.8 -0.4 0.5 4.21
1 -0.1 0.2 8.71
-1 -0.2 0.5 9.11
-0.9 0.8 0.1 8.71
-0.9 -0.9 -0.4 2.91
-0.2 -0.8 -0.3 4.71
-0.2 1 0.9 5.31
-0.1 0.2 -1 4.81
-0.1 0.1 1 5.81
0.9 0 0.6 5.71
-0.8 0.7 0.4 3.61
0.2 -0.7 0.6 9.81
-1 1 0.2 0.71
0.9 0 -0.4 5.11
-0.2 -0.6 -0.5 9.61
0.2 0.1 -0.2 5.51
-0.2 1 0.1 9.71
0.6 0.9 0.6 7.11
0.4 0.5 -0.9 8.21
0.5 1 -0.4 4.71
0.8 -0.4 0.1 0.81
-0.8 0 0.2 1.51
-0.5 0.3 1 6.71
0.9 -0.4 0 6.71
0.7 0.7 -0.9 5.21
0.5 -0.4 0.6 2.41
-0.6 -1 -0.6 7.01
0.3 -1 1 7.21
-1 -0.7 0.3 9.11
-0.5 -0.3 -0.3 4.91
-0.7 -0.4 0.9 8.91
-0.4 0.4 -0.1 7.61
-1 0.9 0.7 2.61
-0.2 -0.2 1 9.61
-0.5 0.1 0.7 7.81
0.9 0.7 -0.2 9.91
0.3 0.7 -0.4 1.51
-0.5 1 -1 7.71
0.3 -0.2 -0.6 9.51
-0.5 -0.7 0 10.01
0.7 -1 0.2 1.91
-0.5 -0.3 0.3 9.71
-0.1 -0.7 0.7 0.71
0 -0.7 -0.5 8.31
-0.7 0.2 0.6 6.01
0.9 -0.1 -0.8 2.21
0.6 -0.9 0.8 5.51
-0.1 0.5 -0.7 1.61
-0.9 0.9 -0.5 9.31
-0.9 0.8 0.1 6.71
-0.5 0.1 -0.7 5.51
0.8 0.3 0.8 2.31
-0.6 0.2 -0.2 4.51
-0.6 -1 -0.4 2.81
-0.2 -1 -0.3 9.11
0.6 0.2 -0.9 4.71
-1 -0.5 -0.6 1.81
0.8 -0.9 0.4 4.91
-0.9 0.8 0.9 3.81
0.8 -0.3 0.1 7.91
-0.5 -0.9 0.2 2.01
0 -0.9 0.2 2.41
-1 0.5 0.9 7.51
-0.3 -0.4 0.5 4.41
0.4 0.6 -0.9 3.31
0.8 0.2 0.2 2.91
0.3 0.6 0.7 6.91
-0.7 -0.3 -0.6 1.01
1 -0.5 -0.9 1.21
0.3 -0.7 -0.4 2.31
-0.5 0.8 -0.7 8.91
0.7 0.3 -0.8 4.71
0.8 -1 0.4 1.11
0.9 0.1 0.8 6.61
-0.4 1 -0.4 2.71
-0.1 -0.9 0.3 0.51
0.9 0.7 -0.2 10.01
0.6 0 -0.2 8.51
0.9 0.5 0.9 3.51
0.5 0.7 -0.9 0.81
0 0.6 -0.5 0.71
0 0.3 0.6 7.71
0.5 0.1 -0.2 4.11
-0.6 0.7 -0.8 8.51
0.4 1 -0.1 6.81
0.5 0.1 0.5 1.31
0.6 0.4 0.1 5.51
-0.9 0.1 -0.5 10.01
0.9 -0.7 1 7.01
-0.4 -0.1 0.3 8.01
0.1 0.3 -0.4 6.31
1 0.6 -0.3 5.41
-1 -0.9 -0.1 5.71
-0.1 -0.3 -0.8 8.71
0.6 -0.3 0.8 1.21
-0.8 0.2 0.3 7.91
-0.8 0.6 -0.7 5.71
0.5 -0.5 -0.5 5.31
-0.1 0.1 0.3 8.31
-0.7 0.4 0.5 5.01
0.9 0.7 -0.4 7.21
0.8 -0.8 0.6 9.51
1 0.1 0.2 6.61
-0.2 1 0.8 7.41
0.2 0.7 0.3 8.81
0.9 -0.1 -0.8 3.01
0.4 0.8 0.4 1.21
-0.1 -1 1 8.21
0 0.9 0.3 6.61
-0.6 -0.1 -0.5 7.41
0 -0.7 0.3 9.61
-0.9 -0.9 0.6 3.11
0.5 0 -0.3 9.61
0.4 -0.3 -0.3 0.71
-0.4 0 0.6 5.81
-0.2 0.8 -0.9 1.71
0.5 -0.2 1 7.41
-0.4 1 -0.8 2.01
0.7 0 0.3 7.61
0.2 0.7 -0.7 4.01
-0.1 -0.6 -0.6 4.81
-0.6 -1 -0.2 8.01
0.4 0.7 -0.6 6.21
-0.6 0.1 0.8 8.21
-1 -0.2 0.4 9.81
0.6 0.7 0.3 4.31
0.3 0.9 0.9 6.21
0.1 0.8 0.8 9.41
0.9 -0.3 0.8 5.11
-0.1 1 0.1 7.21
-1 -0.1 0.9 3.51
0.5 0.7 1 4.61
-0.5 -0.4 0.8 3.31
-0.9 0.3 0.2 9.81
0.4 0.1 -0.1 8.81
-0.6 0.5 -0.1 6.71
1 -0.2 -0.6 8.91
-1 -0.1 0.6 3.91
-0.5 1 0.9 8.01
-0.3 1 -0.4 5.31
0.3 0.9 0.3 6.81
-0.3 -0.2 0.5 6.71
-0.1 0.1 0.3 1.11
-0.9 -0.9 -0.3 1.21
0.4 -0.2 1 3.91
-0.2 -0.9 -0.8 5.31
0.5 -0.4 -0.4 8.01
1 0.2 0.6 0.41
0.3 -0.7 0.2 0.01
0.5 -0.5 0.9 6.81
-0.8 0.1 -0.9 8.61
-0.4 -0.4 -0.3 5.41
-0.4 0.3 0.2 9.21
0.8 0.3 -0.5 1.31
0.5 -1 0.9 5.41
0 0.3 -0.4 9.01
0.7 0.7 0.3 3.61
0.4 -1 -0.7 4.31
-0.1 -0.4 0.5 5.41
0.2 0.4 -0.7 8.81
-0.1 -0.7 -0.4 9.91
0.5 0.2 0.2 9.51
-0.6 -0.7 0.2 0.21
-0.1 0.3 0.3 8.41
0.2 -0.9 0 9.21
0.9 0.6 -0.4 3.91
-0.8 0.6 -0.1 7.21
-0.8 0.8 0.7 9.71
0.4 0.7 0.9 0.81
0.9 -0.1 -0.1 10.01
0.6 0.6 1 0.51
-1 -0.1 0.9 4.81
-0.7 0.8 -0.7 8.81
-0.9 0.4 -0.9 5.91
0.6 -0.4 -0.7 4.51
0.2 -0.1 -0.9 2.31
0.3 -0.5 -0.7 3.31
0.6 0.2 0.9 9.01
0.9 0.5 -0.1 2.41
-0.1 -0.4 0.9 1.91
-0.4 -0.9 0.2 0.11
0.3 0.9 -1 5.21
-0.9 -0.1 -0.4 0.01
-0.8 -1 0.9 8.31
0.6 0.3 -0.3 0.91
0.5 -0.3 -0.9 7.31
-0.2 0.3 -0.9 1.11
1 0.9 -0.8 2.11
-0.2 0.4 0.1 7.11
-0.1 0.4 0.3 5.21
0.1 0.5 0.2 5.01
0.4 1 -0.1 3.31
-1 0.1 0.9 9.61
-0.5 -0.6 1 2.61
-0.5 -0.9 0.2 0.01
0.3 0.6 0.5 4.71
0.9 -0.3 -0.4 4.51
0.1 1 0.5 2.61
0.1 -0.1 -0.2 4.91
-0.8 -1 -0.7 4.91
-1 0.4 0.6 4.41
-0.8 -1 0.4 7.41
-1 0.7 -0.1 5.01
-0.9 0 0.3 5.21
0.9 0.4 0.2 2.31
-0.5 -0.7 0.5 5.51
-0.7 0.4 0.1 6.91
-0.7 -0.8 -0.3 0.71
-1 -0.4 -0.1 3.21
-0.1 0.2 0.3 5.51
0.3 -0.9 0.2 0.91
-0.8 0.2 -0.7 4.81
0.7 -0.2 -0.7 1.61
0.1 -0.4 0.4 9.21
0 -0.4 0.5 8.41
0.1 0.5 0.1 9.91
0.2 -0.9 -0.7 8.51
0.2 1 0.5 2.21
0.9 -0.5 -0.4 5.31
-0.3 -1 -1 9.11
0.7 0.9 0.5 9.61
0.1 0.8 0.2 1.91
0.1 -0.4 0.6 2.31
0.1 0.3 0 1.51
-0.3 -0.2 0.7 9.51
0.2 0.1 0.7 1.91
0.8 0.7 -0.5 4.81
-0.3 -0.2 0.3 1.01
0 0.1 0.4 8.91
0.3 -0.5 -0.9 0.91
-0.4 0.2 -1 8.11
0.3 0.3 0.4 1.01
-0.5 0.4 0.4 3.61
0.9 -0.9 -0.3 1.41
0 0.7 -0.6 8.71
-0.8 0.3 -0.4 9.41
0.4 -0.7 -0.1 7.01
0.3 0.8 -0.3 7.61
1 -0.8 -0.3 5.81
-0.1 0.2 0.8 9.31
0.5 0.9 -0.5 3.01
-0.6 0 0 6.91
-0.9 0.4 -0.3 5.21
0.7 -0.2 0.1 7.41
0.5 -0.8 -0.8 4.11
-0.1 0.9 0.4 8.01
-0.6 -0.6 0.2 0.71
0 0 -0.5 8.71
-0.4 -0.3 0.8 7.01
0.5 -0.7 0.3 6.91
0.5 0.4 -0.7 9.71
-0.9 -0.7 0.2 9.81
0.4 0.3 -0.9 5.21
-0.5 0.2 -0.7 6.51
-0.4 0.9 -0.1 9.41
-0.4 -1 -0.5 6.31
-0.4 0.9 -0.7 7.91
0.3 -0.3 -0.8 9.21
1 -0.9 -0.2 2.01
-0.3 0.6 -0.3 7.11
-0.9 -0.2 -0.7 0.41
-0.4 -0.1 -0.5 0.81
-0.4 -0.7 0.8 4.11
0.4 0.4 -0.7 0.71
-0.2 0.1 0.3 7.91
-0.9 1 0.1 8.41
0.5 -0.7 0.3 9.21
-0.5 -0.2 -0.1 0.11
-0.8 -0.7 -0.8 6.71
0.2 0.9 -1 1.61
-1 0.6 0.2 3.01
0.2 -0.7 0.4 6.31
-0.9 -0.1 -1 1.21
-0.1 -0.8 1 3.81
-1 0 1 7.21
-0.6 0.1 0.5 2.61
0 -0.4 -0.8 7.31
-0.8 0.5 0.1 8.21
0.6 -0.7 0 9.21
-0.5 -0.6 0.6 7.61
-0.5 0.5 0.1 4.71
0.2 -0.8 -0.9 2.01
-1 -0.3 0.9 6.01
-0.9 0.1 1 5.61
-0.3 -0.2 0.3 3.41
-0.7 -0.8 0.3 2.61
0.6 -0.3 -0.2 7.81
-0.4 0.9 0.8 6.21
-0.5 0.3 -0.5 5.71
0.8 0.5 0.2 9.51
0.3 0.7 -0.9 7.71
-0.9 0.1 -0.5 4.41
0.8 -0.7 -0.8 0.31
-0.5 1 0.5 1.71
-1 0.9 0.1 9.21
-0.1 0.8 0.2 2.71
0.7 -0.6 -0.7 6.91
-1 0.5 0.7 3.21
-0.8 -0.7 0.9 2.51
0 0 -0.9 1.71
0.5 -0.8 0.6 6.71
0 -0.2 1 8.21
-0.1 0.3 0 4.81
0.7 -0.1 0.6 4.91
0.7 0.8 -0.7 7.41
-0.7 0.7 0.9 1.31
0.9 -1 0.4 9.91
0.8 0.5 -0.7 9.11
-0.5 0.1 -0.2 4.91
0.2 0.3 0 0.21
-0.5 -0.5 0.5 5.21
-0.3 -1 -0.9 0.71
0.6 -1 -1 2.71
1 0.8 0.9 8.21
0.2 -0.6 -0.5 1.71
0.3 -0.5 -0.8 6.61
-1 0.9 0.1 4.01
0.1 -0.9 0.6 8.01
1 0 -0.7 5.01
