-0.2 0.6 -0.8 5.11
1 0.7 0.2 6.41
0.4 0.6 0.8 8.71
0.2 0.5 0.7 7.61
0.8 -0.7 0.1 8.21
-0.5 1 -0.3 8.31
0.7 0.4 0.9 4.11
-1 -0.5 -0.8 1.01
0.7 0.9 -0.1 9.91
0.5 0.1 -0.7 2.61
0.5 0.8 0.9 4.01
0.8 0.7 0.8 0.41
1 -0.4 -0.9 6.11
0.6 0.8 -0.2 7.21
0.4 0.3 -0.3 8.41
0.8 0.8 1 2.21
-0.4 -0.1 -0.7 3.31
0.9 -0.5 -0.9 8.71
1 -0.3 0.3 1.61
0.2 -0.5 0.9 7.91
-0.1 -0.6 0.9 5.21
-1 -0.2 -0.9 8.41
0.3 -0.2 0.5 3.31
0.6 -0.2 -0.7 9.01
0.6 -0.1 -1 5.41
-0.6 -0.6 0.2 4.41
-1 -0.8 -1 3.91
0.6 0.9 0.5 5.11
-1 0.9 -0.7 8.21
0.7 -0.8 1 2.31
0.9 1 0 2.91
0.4 0 -0.7 3.91
0.6 -0.2 0.6 3.81
0.1 -0.9 -1 4.11
-0.4 0.7 -0.3 3.61
0.6 -0.1 0.4 0.51
-0.3 -1 -0.1 2.71
-0.6 -0.9 0.9 4.31
-0.3 0.8 -0.2 0.51
0.6 -0.9 -0.6 8.41
-1 -0.3 -0.2 9.21
-0.9 0.2 -0.6 3.71
1 -0.7 0.4 9.21
0.1 -0.7 0.5 6.01
0.1 -0.3 -0.5 7.51
-0.4 -1 0.2 3.91
0.8 -0.4 -0.8 6.71
0.3 -0.3 0.8 1.21
-0.2 -0.8 -1 4.11
-0.8 0.9 -1 3.81
0.2 0.7 -0.8 8.31
0.8 1 0.9 3.21
-0.5 -0.9 0.3 5.21
-0.1 0.7 -0.8 2.61
-0.1 -0.6 -0.1 5.31
-0.3 0.4 -0.7 2.01
-0.3 -1 -0.2 9.91
0.8 -0.5 0.3 9.71
-0.4 -0.5 -0.4 4.51
0.3 0.4 0.8 0.31
0.8 -0.7 0.3 9.61
0.9 0.6 0.3 0.91
-0.2 -0.4 0.3 1.61
-0.5 -0.6 0.2 7.21
-1 -0.7 -1 4.11
0.7 -1 -0.5 2.41
0.2 0.9 0.5 6.21
0 -0.2 -0.1 5.41
-0.9 -0.9 0.2 8.11
-0.5 -1 0.8 3.81
-0.6 0.2 -1 9.11
-0.1 0.6 0 1.01
0.2 -0.8 1 4.01
-0.5 -0.4 0 2.31
0.2 0.2 0 7.31
-0.4 0.5 0.8 5.81
0.2 0.1 0.7 0.61
-0.3 1 -0.2 3.41
0.2 -0.2 -0.4 3.41
-0.7 -0.9 -0.3 9.31
-0.5 -0.8 0.1 2.51
-0.8 -0.4 0.8 1.11
0.6 0.1 0.5 9.91
0.9 0.4 0.5 8.91
-0.2 0.1 -0.5 10.01
-0.6 0.2 -0.1 10.01
0.5 -0.9 -0.6 10.01
0.7 0.7 0.4 6.81
0.2 0.9 0.1 6.11
0.7 -0.9 0.5 9.71
-0.3 -0.4 0.2 5.51
-0.6 -0.7 -0.2 3.91
-0.5 0.6 -0.6 6.51
-0.6 0.8 -0.7 0.51
-0.5 -0.8 -1 3.91
-0.7 -0.7 -0.5 5.71
0.3 -0.3 -0.7 3.71
-1 -0.7 0.5 9.01
-0.2 -0.1 -0.2 1.01
-0.7 -0.7 -0.8 3.31
-0.8 0.3 -0.2 2.01
0 0.9 -0.8 5.71
-0.3 0.8 0.5 9.71
0.5 -1 -0.4 5.91
-0.8 1 0.6 2.51
-0.5 -0.6 0.1 1.81
0 -1 0.8 7.41
0.5 0.1 1 1.11
1 1 0.8 3.41
0.8 0.3 0.3 3.41
0.7 -0.4 0.1 4.31
0.4 -0.1 -0.2 2.91
0.5 0.3 0.1 6.51
0.8 0.4 -0.2 4.11
-0.6 -0.2 0.4 7.91
-0.9 0 -0.4 6.11
-0.5 0.7 -0.4 3.01
-0.8 0.3 0.4 9.21
0.8 0 0.6 7.51
-1 -0.7 0.5 4.21
0.3 1 -0.7 7.81
-0.3 0.5 -0.4 8.01
0.2 0.7 0 2.41
0.8 0.4 0.6 1.51
0.2 0.7 0.1 1.41
-0.5 -0.5 -0.2 5.71
-0.2 -0.6 -0.6 5.31
0.8 0.5 -0.6 6.21
